 5 0.808700453 0.811893664
 5 0.846290773 0.715897612
 5 0.839554180 0.716547259
 5 0.816694683 0.815122090
 5 0.824487141 0.762284099
 5 0.852196606 0.731488809
 5 0.851271229 0.758667208
 5 0.834806371 0.804957211
 5 0.827744057 0.755600098
 5 0.840971814 0.663324837
 5 0.835392294 0.768614101
 5 0.865849830 0.667949011
 5 0.791384747 0.853209397
 5 0.832795441 0.784631230
 5 0.825155328 0.673301792
 5 0.829226326 0.728097323
 5 0.839589323 0.676899768
 5 0.840970771 0.760326369
 5 0.864886750 0.666584347
 5 0.825090905 0.734911981
 5 0.866550372 0.649843935
 5 0.811765888 0.821050728
 5 0.865654648 0.636150905
 5 0.845684314 0.647880391
 5 0.862426194 0.678051330
 5 0.809781303 0.796107480
 5 0.819666208 0.801740807
 5 0.864133376 0.614889622
 5 0.805750559 0.782743390
 5 0.834689674 0.712134473
 5 0.840814625 0.767249838
 5 0.835197072 0.750210101
 5 0.841878729 0.685367898
 5 0.823892291 0.747956858
 5 0.844287233 0.665546459
 5 0.856176279 0.666854052
 5 0.833595494 0.766039068
 5 0.853988995 0.713202935
 5 0.861068719 0.675746252
 5 0.832337062 0.769822651
 5 0.847249398 0.715131215
 5 0.848830355 0.689766098
 5 0.832760656 0.774568594
 5 0.850417788 0.717378171
 5 0.810350024 0.751208556
 5 0.838378294 0.739489499
 5 0.827002078 0.799442145
 5 0.856527605 0.635982429
 5 0.848085914 0.717432283
 5 0.829567694 0.742876349
 5 0.841265368 0.741529322
 5 0.842499204 0.678776673
 5 0.844893570 0.683923103
 5 0.832755735 0.758864941
 5 0.863053874 0.673647819
 5 0.827561931 0.782753518
 5 0.830362676 0.760315891
 5 0.847181102 0.767460571
 5 0.840298874 0.747534114
 5 0.839446199 0.680492854
 5 0.830095129 0.740581060
 5 0.815758553 0.765012643
 5 0.839392678 0.749170109
 5 0.854872351 0.741129873
 5 0.805573517 0.799640217
 5 0.851044377 0.663578781
 5 0.847444808 0.687287073
 5 0.849788481 0.659870329
 5 0.858062730 0.684902081
 5 0.811566799 0.803223194
 5 0.810324133 0.785761989
 5 0.855674888 0.702410287
 5 0.816493472 0.774738809
 5 0.836202016 0.681911760
 5 0.844525211 0.720505170
 5 0.842639600 0.688378284
 5 0.827464978 0.758724331
 5 0.823575222 0.733621556
 5 0.847248506 0.743152490
 5 0.829973382 0.787863843
 5 0.826704131 0.804809411
 5 0.852260199 0.694959787
 5 0.835894005 0.752715323
 5 0.839922369 0.693713808
 5 0.804267595 0.813300359
 5 0.826237191 0.757181189
 5 0.831455021 0.673367110
 5 0.866124823 0.725254829
 5 0.816617084 0.766277156
 5 0.815544645 0.719585128
 5 0.811197133 0.781915410
 5 0.833352588 0.763380065
 5 0.835452084 0.741086642
 5 0.840845758 0.733462446
 5 0.828160231 0.771808988
 5 0.850187359 0.665949475
 5 0.829043027 0.739981684
 5 0.853596681 0.644308223
 5 0.823546975 0.783137587
 5 0.873375943 0.635168666
 6 0.818397890 0.727742900
 6 0.813923229 0.746493181
 6 0.826072687 0.741239088
 6 0.806155722 0.778582024
 6 0.816553840 0.716879941
 6 0.816174716 0.716405529
 6 0.836304350 0.732795411
 6 0.796002021 0.773492435
 6 0.807439470 0.795063549
 6 0.819884096 0.718152523
 6 0.841127055 0.673109139
 6 0.814399955 0.790132949
 6 0.796093241 0.749817947
 6 0.791975366 0.755892109
 6 0.829481182 0.687469746
 6 0.826962795 0.713371063
 6 0.815873660 0.715354634
 6 0.816429413 0.785724603
 6 0.834512395 0.669981881
 6 0.804861436 0.760745193
 6 0.832139420 0.696959587
 6 0.824627182 0.743574167
 6 0.812289081 0.715861075
 6 0.830239965 0.648086107
 6 0.808720701 0.757125537
 6 0.808561336 0.734198340
 6 0.821269185 0.794162281
 6 0.824586760 0.727563336
 6 0.829929427 0.751594487
 6 0.834807216 0.737425386
 6 0.799129308 0.737455383
 6 0.800764775 0.714170920
 6 0.831447427 0.723823661
 6 0.818455016 0.730381947
 6 0.826890375 0.702498949
 6 0.814790761 0.746850784
 6 0.804969649 0.706007199
 6 0.811535064 0.763337744
 6 0.819258691 0.676179132
 6 0.815042625 0.703579900
 6 0.812565393 0.750110655
 6 0.796960629 0.743942595
 6 0.791108147 0.776816782
 6 0.810574276 0.739089359
 6 0.836316990 0.734513246
 6 0.820453311 0.765603350
 6 0.809632009 0.773804359
 6 0.803170226 0.780219815
 6 0.797294882 0.731659639
 6 0.794363821 0.812342339
 6 0.789364045 0.782895104
 6 0.800462110 0.757459316
 6 0.823099695 0.734205230
 6 0.816586061 0.718128139
 6 0.816450503 0.764631228
 6 0.822452007 0.744785966
 6 0.825285820 0.666711740
 6 0.823687843 0.701108242
 6 0.822059989 0.732276054
 6 0.826175483 0.751125997
 6 0.819701002 0.766443300
 6 0.832412464 0.673433463
 6 0.811451071 0.762237151
 6 0.820885198 0.710915259
 6 0.827433339 0.659924961
 6 0.823734464 0.700485823
 6 0.809829606 0.792020418
 6 0.811380349 0.788138690
 6 0.807157700 0.771271660
 6 0.818352496 0.756502711
 6 0.821511200 0.685847406
 6 0.816987568 0.777163565
 6 0.802948630 0.794029192
 6 0.794124641 0.710923544
 6 0.805134766 0.735065467
 6 0.816628497 0.749427611
 6 0.854591729 0.621713502
 6 0.841260536 0.737366794
 6 0.799226679 0.775334850
 6 0.831816585 0.699435607
 6 0.831361134 0.769915980
 6 0.831652709 0.710597972
 6 0.816780250 0.720164805
 6 0.814566187 0.728916704
 6 0.813130257 0.767116320
 6 0.791631220 0.751089197
 6 0.813008805 0.763951792
 6 0.799689040 0.749057742
 6 0.816591898 0.730390639
 6 0.805591736 0.800490352
 6 0.796947379 0.795470033
 6 0.811777950 0.718611183
 6 0.838343993 0.663580219
 6 0.817702447 0.694303079
 6 0.807074119 0.780894068
 6 0.815986446 0.720922405
 6 0.828099171 0.660335996
 6 0.820921207 0.737336030
 6 0.852252286 0.635977754
 6 0.815914054 0.750948715
 7 0.803194339 0.719982754
 7 0.826542005 0.702437871
 7 0.798692078 0.747600151
 7 0.801299518 0.691881764
 7 0.820555177 0.747858722
 7 0.806439142 0.662486432
 7 0.797591655 0.700139730
 7 0.801508824 0.731541168
 7 0.791154034 0.765987029
 7 0.818944040 0.713125329
 7 0.813045914 0.754419195
 7 0.801648665 0.731769990
 7 0.825493967 0.693344711
 7 0.767338144 0.758442143
 7 0.780473522 0.759137033
 7 0.787129435 0.783952417
 7 0.784260253 0.763484684
 7 0.807009485 0.748612798
 7 0.802415504 0.764281274
 7 0.810335010 0.733688075
 7 0.828794122 0.672968140
 7 0.823079534 0.706096967
 7 0.801215669 0.685862516
 7 0.805187815 0.758816123
 7 0.824252640 0.702501445
 7 0.775223812 0.681512917
 7 0.800182340 0.724822945
 7 0.820605411 0.673894550
 7 0.810239119 0.766893900
 7 0.831156535 0.631237640
 7 0.817747644 0.739243811
 7 0.818286247 0.708391197
 7 0.802729506 0.731214733
 7 0.793489353 0.748678196
 7 0.812646136 0.644046027
 7 0.797038688 0.743520734
 7 0.794237485 0.790297764
 7 0.818290424 0.643323073
 7 0.804451907 0.767342894
 7 0.810170723 0.723745570
 7 0.802400101 0.742373827
 7 0.791999488 0.766741363
 7 0.796574072 0.770312134
 7 0.809254909 0.741426077
 7 0.832418250 0.697089427
 7 0.807873992 0.677712924
 7 0.797491437 0.708117163
 7 0.800508562 0.765429438
 7 0.824858856 0.695285208
 7 0.810585251 0.742604601
 7 0.811625629 0.680529376
 7 0.805736844 0.703339406
 7 0.785699845 0.718729346
 7 0.784166671 0.791329843
 7 0.787673665 0.821087719
 7 0.787732262 0.814709031
 7 0.822213362 0.651112430
 7 0.807232022 0.779688097
 7 0.817250481 0.735299244
 7 0.806859530 0.737515878
 7 0.810904854 0.735165809
 7 0.801770388 0.724954546
 7 0.817025632 0.729789924
 7 0.802560433 0.721113569
 7 0.807238216 0.743673705
 7 0.809359367 0.755147554
 7 0.801838475 0.674692082
 7 0.841803651 0.666523140
 7 0.806865650 0.760310805
 7 0.815211203 0.725862370
 7 0.800643723 0.771787758
 7 0.791068981 0.732813713
 7 0.799750293 0.765875005
 7 0.816093960 0.697896031
 7 0.824976054 0.696514229
 7 0.785010389 0.774420966
 7 0.781934686 0.784840827
 7 0.811873691 0.742073434
 7 0.823715405 0.666529003
 7 0.819304786 0.702229512
 7 0.797008048 0.766893758
 7 0.799953146 0.743882855
 7 0.780159937 0.774891152
 7 0.824965779 0.717789978
 7 0.791574961 0.772556956
 7 0.800139290 0.752389560
 7 0.786037062 0.732806013
 7 0.786358273 0.750985766
 7 0.829201528 0.690897578
 7 0.802296518 0.746688880
 7 0.803141386 0.719148462
 7 0.795098743 0.727859475
 7 0.792461981 0.756650416
 7 0.817375534 0.665073055
 7 0.798878001 0.783738977
 7 0.831991218 0.712172541
 7 0.815208457 0.694848388
 7 0.807951532 0.750626787
 7 0.808086066 0.746079958
 7 0.823828962 0.660940340
 8 0.787168345 0.781832011
 8 0.782465147 0.731690382
 8 0.803614299 0.726508050
 8 0.800437394 0.722064251
 8 0.799469325 0.652293288
 8 0.789319681 0.780709238
 8 0.806303259 0.736960847
 8 0.811623245 0.713285096
 8 0.820452613 0.661340818
 8 0.791350821 0.767306833
 8 0.782266017 0.717800297
 8 0.808143208 0.680977225
 8 0.827079095 0.652305036
 8 0.770174882 0.785860331
 8 0.794764635 0.746532832
 8 0.789135929 0.718810643
 8 0.792094764 0.775446955
 8 0.786155333 0.705519367
 8 0.776913011 0.722991597
 8 0.813639365 0.732977996
 8 0.799975844 0.707777637
 8 0.793729013 0.708810308
 8 0.808927401 0.742256336
 8 0.793756419 0.762051528
 8 0.816958496 0.716129162
 8 0.832022188 0.669223674
 8 0.756217073 0.767568375
 8 0.793006739 0.727466623
 8 0.788243603 0.760786749
 8 0.818071256 0.725298941
 8 0.794129523 0.707008629
 8 0.755472532 0.767607501
 8 0.798578535 0.772326243
 8 0.806631873 0.714753552
 8 0.825544220 0.662631735
 8 0.793276423 0.751526412
 8 0.789675605 0.797897601
 8 0.760180303 0.793702083
 8 0.816991642 0.722632837
 8 0.803244774 0.744323596
 8 0.810289879 0.760677010
 8 0.797535824 0.722486651
 8 0.793018685 0.751597927
 8 0.795164095 0.738576924
 8 0.809307644 0.720824501
 8 0.832931614 0.631726446
 8 0.764287185 0.785022581
 8 0.813712814 0.722780958
 8 0.796139071 0.714181500
 8 0.823764523 0.703542845
 8 0.781323572 0.730197466
 8 0.797153873 0.703808830
 8 0.782191640 0.747884956
 8 0.824782825 0.694705729
 8 0.768846889 0.825934736
 8 0.780849672 0.723774941
 8 0.795503561 0.740188609
 8 0.813425427 0.703829864
 8 0.774431240 0.721370725
 8 0.776978737 0.766055146
 8 0.796138230 0.731959256
 8 0.802086726 0.743952571
 8 0.799423360 0.732523229
 8 0.787074653 0.737855966
 8 0.791568223 0.708096219
 8 0.809113335 0.726619239
 8 0.790039692 0.729521840
 8 0.799071331 0.744438074
 8 0.818273606 0.662977168
 8 0.807932178 0.735254741
 8 0.810189511 0.708441515
 8 0.780573558 0.747568190
 8 0.799864014 0.732683061
 8 0.804898737 0.768562546
 8 0.803926289 0.734452284
 8 0.741171874 0.814826961
 8 0.788104910 0.737423553
 8 0.818490772 0.705627721
 8 0.778040678 0.735051719
 8 0.797550061 0.706782434
 8 0.766969133 0.812878452
 8 0.783090076 0.780211315
 8 0.812639753 0.755927382
 8 0.791935540 0.672860327
 8 0.767053819 0.785553257
 8 0.807299593 0.739508209
 8 0.811371093 0.718098865
 8 0.825366630 0.714301011
 8 0.787298126 0.755085814
 8 0.803124689 0.743706940
 8 0.811508416 0.683290980
 8 0.810798848 0.700098155
 8 0.812905543 0.765658214
 8 0.795246118 0.757130722
 8 0.778454336 0.736625607
 8 0.818488961 0.735439643
 8 0.779495964 0.704899905
 8 0.803715926 0.735978121
 8 0.793207461 0.754196305
 8 0.809903320 0.653085469
 9 0.769399121 0.758600484
 9 0.815068794 0.669287461
 9 0.794052244 0.700753470
 9 0.816027903 0.711685158
 9 0.794434010 0.718501007
 9 0.787012500 0.764205817
 9 0.793005058 0.729027201
 9 0.838291612 0.590649584
 9 0.780242642 0.753663173
 9 0.762869172 0.770593783
 9 0.784584734 0.744540602
 9 0.804261501 0.707607449
 9 0.809838658 0.726807058
 9 0.778633558 0.743735994
 9 0.805676948 0.717679057
 9 0.792085232 0.740605450
 9 0.814631392 0.704498917
 9 0.812269465 0.713549751
 9 0.795640190 0.704199460
 9 0.795799729 0.760901109
 9 0.807533788 0.678242914
 9 0.766554077 0.791730990
 9 0.775187531 0.810870714
 9 0.804597487 0.686771059
 9 0.799801712 0.710096998
 9 0.789418496 0.745322177
 9 0.791720385 0.739052842
 9 0.789362423 0.705202893
 9 0.799961064 0.691442771
 9 0.793434334 0.736158364
 9 0.818874193 0.651590162
 9 0.757351817 0.801280753
 9 0.789093802 0.725375654
 9 0.790109733 0.746480695
 9 0.792028921 0.739756590
 9 0.817963485 0.688440243
 9 0.800973310 0.694920971
 9 0.797072479 0.771175821
 9 0.793803253 0.740071667
 9 0.757869398 0.748654767
 9 0.808406843 0.670390755
 9 0.825564562 0.693483128
 9 0.797431424 0.760091042
 9 0.815311207 0.647252352
 9 0.787019822 0.761444930
 9 0.803829269 0.693722549
 9 0.796326229 0.752418154
 9 0.781577587 0.727373085
 9 0.802733509 0.708957026
 9 0.805960198 0.702490931
 9 0.818384652 0.708036325
 9 0.779873375 0.817424834
 9 0.797476679 0.754349029
 9 0.770984313 0.802555687
 9 0.794852298 0.734079756
 9 0.777051986 0.778843061
 9 0.815167423 0.684619410
 9 0.754100551 0.808957521
 9 0.816553424 0.662703655
 9 0.786476420 0.751710381
 9 0.809530176 0.666944438
 9 0.781870925 0.725143507
 9 0.834512740 0.649032975
 9 0.808085054 0.704690920
 9 0.807473928 0.685096976
 9 0.782395199 0.741038766
 9 0.801066418 0.741926664
 9 0.789145203 0.749058327
 9 0.796002477 0.674130330
 9 0.802885239 0.687223457
 9 0.764122419 0.755331724
 9 0.798753887 0.750038601
 9 0.788867486 0.758143640
 9 0.780725466 0.775028891
 9 0.801456529 0.738347949
 9 0.782256655 0.757157358
 9 0.794456065 0.748201993
 9 0.787136237 0.737036262
 9 0.832012797 0.613093907
 9 0.795024497 0.745393906
 9 0.801993281 0.735993516
 9 0.798325649 0.669474942
 9 0.777344562 0.748325609
 9 0.769715373 0.765260877
 9 0.783705442 0.717576094
 9 0.785037836 0.755814413
 9 0.763275545 0.793703539
 9 0.802208548 0.726016115
 9 0.807311932 0.696329916
 9 0.791737396 0.720351135
 9 0.786494545 0.742787844
 9 0.810890337 0.697992141
 9 0.774543252 0.793277995
 9 0.789327138 0.701387131
 9 0.774324608 0.777082634
 9 0.813867122 0.738723279
 9 0.801691671 0.714191149
 9 0.776381579 0.781460788
 9 0.790074734 0.734532722
 9 0.779117794 0.720174020
10 -0.784676117 -0.456062789
10 -0.552886470 -0.868490650
10 -0.759379587 -0.510971497
10 -0.593005703 -0.811399575
10 -0.519911102 -0.932723859
10 -0.631406885 -0.758215555
10 -0.968936482 -0.390673050
10 -0.756753666 -0.474673053
