 2 0.935500313 0.738746809
 2 0.922136482 0.763020470
 2 0.943662768 0.743941814
 2 0.942045811 0.715639855
 2 0.936479329 0.771256399
 2 0.948273884 0.774068470
 2 0.942208330 0.616293033
 2 0.910499023 0.790998463
 2 0.934707014 0.713693116
 2 0.935363795 0.752935065
 2 0.936642474 0.773250669
 2 0.921850395 0.800730389
 2 0.929967816 0.797496545
 2 0.939816637 0.766741664
 2 0.925245040 0.748224577
 2 0.936161275 0.775013094
 2 0.935101077 0.813623731
 2 0.927113197 0.772950637
 2 0.936238436 0.715062492
 2 0.932307271 0.699234341
 2 0.918752821 0.676153518
 2 0.941646967 0.636614491
