0.000000000000000000e+00 0.000000000000000000e+00 1.643025016229786746e-135
1.001001001001001047e-04 0.000000000000000000e+00 1.907543837287976643e-135
2.002002002002002093e-04 0.000000000000000000e+00 2.214568771489665425e-135
3.003003003003003411e-04 0.000000000000000000e+00 2.570917310782445632e-135
4.004004004004004186e-04 0.000000000000000000e+00 2.984498317747467067e-135
5.005005005005004962e-04 0.000000000000000000e+00 3.464486403003576736e-135
6.006006006006006821e-04 0.000000000000000000e+00 4.021524110902974759e-135
7.007007007007007597e-04 0.000000000000000000e+00 4.667956339614590602e-135
8.008008008008008372e-04 0.000000000000000000e+00 5.418102124793915812e-135
9.009009009009009148e-04 0.000000000000000000e+00 6.288569730636883129e-135
1.001001001001000992e-03 0.000000000000000000e+00 7.298621935813378868e-135
1.101101101101101178e-03 0.000000000000000000e+00 8.470599495014603104e-135
1.201201201201201364e-03 0.000000000000000000e+00 9.830412023296177371e-135
1.301301301301301333e-03 0.000000000000000000e+00 1.140810701741069108e-134
1.401401401401401519e-03 0.000000000000000000e+00 1.323852942758210813e-134
1.501501501501501488e-03 0.000000000000000000e+00 1.536208616149527045e-134
1.601601601601601674e-03 0.000000000000000000e+00 1.782563218198359810e-134
1.701701701701701860e-03 0.000000000000000000e+00 2.068349750034060016e-134
1.801801801801801830e-03 0.000000000000000000e+00 2.399867742521285616e-134
1.901901901901902016e-03 0.000000000000000000e+00 2.784421196864209240e-134
2.002002002002001985e-03 0.000000000000000000e+00 3.230478441226079136e-134
2.102102102102102171e-03 0.000000000000000000e+00 3.747857378622272096e-134
2.202202202202202357e-03 0.000000000000000000e+00 4.347940151359752216e-134
2.302302302302302543e-03 0.000000000000000000e+00 5.043921884162871984e-134
2.402402402402402729e-03 0.000000000000000000e+00 5.851098905580038064e-134
2.502502502502502481e-03 0.000000000000000000e+00 6.787202701130304636e-134
2.602602602602602667e-03 0.000000000000000000e+00 7.872786840282112803e-134
2.702702702702702853e-03 0.000000000000000000e+00 9.131675263966809645e-134
2.802802802802803039e-03 0.000000000000000000e+00 1.059148164450037485e-133
2.902902902902903225e-03 0.000000000000000000e+00 1.228421106393935007e-133
3.003003003003002977e-03 0.000000000000000000e+00 1.424695703290521273e-133
3.103103103103103163e-03 0.000000000000000000e+00 1.652270892783112429e-133
3.203203203203203349e-03 0.000000000000000000e+00 1.916128730449709296e-133
3.303303303303303535e-03 0.000000000000000000e+00 2.222042730051049429e-133
3.403403403403403721e-03 0.000000000000000000e+00 2.576703352795772056e-133
3.503503503503503473e-03 0.000000000000000000e+00 2.987863354820242186e-133
3.603603603603603659e-03 0.000000000000000000e+00 3.464506129229232617e-133
3.703703703703703845e-03 0.000000000000000000e+00 4.017040673420473311e-133
3.803803803803804031e-03 0.000000000000000000e+00 4.657527384561122100e-133
3.903903903903904217e-03 0.000000000000000000e+00 5.399939548213002493e-133
4.004004004004003969e-03 0.000000000000000000e+00 6.260466151346163179e-133
4.104104104104104589e-03 0.000000000000000000e+00 7.257862537644245465e-133
4.204204204204204341e-03 0.000000000000000000e+00 8.413856449048298716e-133
4.304304304304304093e-03 0.000000000000000000e+00 9.753618184675899939e-133
4.404404404404404713e-03 0.000000000000000000e+00 1.130630498192622287e-132
4.504504504504504465e-03 0.000000000000000000e+00 1.310569131397633703e-132
4.604604604604605085e-03 0.000000000000000000e+00 1.519089863669144187e-132
4.704704704704704837e-03 0.000000000000000000e+00 1.760724024546829806e-132
4.804804804804805457e-03 0.000000000000000000e+00 2.040719936367708802e-132
4.904904904904905209e-03 0.000000000000000000e+00 2.365156143170762127e-132
5.005005005005004962e-03 0.000000000000000000e+00 2.741072485930137254e-132
5.105105105105105581e-03 0.000000000000000000e+00 3.176621831391126309e-132
5.205205205205205334e-03 0.000000000000000000e+00 3.681245702507207545e-132
5.305305305305305953e-03 0.000000000000000000e+00 4.265877568244144391e-132
5.405405405405405705e-03 0.000000000000000000e+00 4.943178140131585735e-132
5.505505505505505458e-03 0.000000000000000000e+00 5.727807704906056950e-132
5.605605605605606077e-03 0.000000000000000000e+00 6.636741311289155878e-132
5.705705705705705830e-03 0.000000000000000000e+00 7.689633541106766233e-132
5.805805805805806449e-03 0.000000000000000000e+00 8.909240649818825328e-132
5.905905905905906202e-03 0.000000000000000000e+00 1.032190908143393179e-131
6.006006006006005954e-03 0.000000000000000000e+00 1.195814077342177004e-131
6.106106106106106574e-03 0.000000000000000000e+00 1.385324729842656667e-131
6.206206206206206326e-03 0.000000000000000000e+00 1.604810677575634088e-131
6.306306306306306945e-03 0.000000000000000000e+00 1.859003966647969553e-131
6.406406406406406698e-03 0.000000000000000000e+00 2.153382208748849257e-131
6.506506506506506450e-03 0.000000000000000000e+00 2.494285819529028970e-131
6.606606606606607070e-03 0.000000000000000000e+00 2.889053656072934346e-131
6.706706706706706822e-03 0.000000000000000000e+00 3.346179935250176743e-131
6.806806806806807442e-03 0.000000000000000000e+00 3.875495765190923111e-131
6.906906906906907194e-03 0.000000000000000000e+00 4.488379142873588584e-131
7.007007007007006946e-03 0.000000000000000000e+00 5.197997872757194819e-131
7.107107107107107566e-03 0.000000000000000000e+00 6.019590557196914298e-131
7.207207207207207318e-03 0.000000000000000000e+00 6.970791613648275821e-131
7.307307307307307938e-03 0.000000000000000000e+00 8.072007203249396378e-131
7.407407407407407690e-03 0.000000000000000000e+00 9.346850029793298616e-131
7.507507507507507442e-03 0.000000000000000000e+00 1.082264220983412418e-130
7.607607607607608062e-03 0.000000000000000000e+00 1.253099684978796053e-130
7.707707707707707814e-03 0.000000000000000000e+00 1.450849062435731480e-130
7.807807807807808434e-03 0.000000000000000000e+00 1.679744156718779695e-130
7.907907907907909054e-03 0.000000000000000000e+00 1.944680849942076039e-130
8.008008008008007939e-03 0.000000000000000000e+00 2.251323108104924286e-130
8.108108108108108558e-03 0.000000000000000000e+00 2.606223242710083889e-130
8.208208208208209178e-03 0.000000000000000000e+00 3.016960964759389020e-130
8.308308308308308063e-03 0.000000000000000000e+00 3.492304161803319414e-130
8.408408408408408682e-03 0.000000000000000000e+00 4.042394784845831722e-130
8.508508508508509302e-03 0.000000000000000000e+00 4.678963758871548543e-130
8.608608608608608187e-03 0.000000000000000000e+00 5.415579439568289851e-130
8.708708708708708807e-03 0.000000000000000000e+00 6.267934842115178137e-130
8.808808808808809426e-03 0.000000000000000000e+00 7.254179680361243565e-130
8.908908908908910046e-03 0.000000000000000000e+00 8.395304193248038538e-130
9.009009009009008931e-03 0.000000000000000000e+00 9.715582819395332563e-130
9.109109109109109551e-03 0.000000000000000000e+00 1.124308703297192109e-129
9.209209209209210170e-03 0.000000000000000000e+00 1.301027810029719184e-129
9.309309309309309055e-03 0.000000000000000000e+00 1.505469218708358629e-129
9.409409409409409675e-03 0.000000000000000000e+00 1.741973217553511155e-129
9.509509509509510294e-03 0.000000000000000000e+00 2.015558277865768927e-129
9.609609609609610914e-03 0.000000000000000000e+00 2.332026811234840053e-129
9.709709709709709799e-03 0.000000000000000000e+00 2.698087385737547422e-129
9.809809809809810419e-03 0.000000000000000000e+00 3.121495957483606912e-129
9.909909909909911038e-03 0.000000000000000000e+00 3.611219070112483220e-129
1.001001001001000992e-02 0.000000000000000000e+00 4.177622432381461910e-129
1.011011011011011054e-02 0.000000000000000000e+00 4.832688812274599080e-129
1.021021021021021116e-02 0.000000000000000000e+00 5.590269796037280508e-129
1.031031031031031005e-02 0.000000000000000000e+00 6.466376664781945749e-129
1.041041041041041067e-02 0.000000000000000000e+00 7.479516454377564428e-129
1.051051051051051129e-02 0.000000000000000000e+00 8.651080202996322001e-129
1.061061061061061191e-02 0.000000000000000000e+00 1.000579147432346517e-128
1.071071071071071079e-02 0.000000000000000000e+00 1.157222449536164563e-128
1.081081081081081141e-02 0.000000000000000000e+00 1.338340269175143293e-128
1.091091091091091203e-02 0.000000000000000000e+00 1.547749007039548569e-128
1.101101101101101092e-02 0.000000000000000000e+00 1.789858982309281273e-128
1.111111111111111154e-02 0.000000000000000000e+00 2.069766674558143580e-128
1.121121121121121215e-02 0.000000000000000000e+00 2.393361262946794492e-128
1.131131131131131104e-02 0.000000000000000000e+00 2.767447674259443104e-128
1.141141141141141166e-02 0.000000000000000000e+00 3.199888692742260241e-128
1.151151151151151228e-02 0.000000000000000000e+00 3.699769078680212637e-128
1.161161161161161290e-02 0.000000000000000000e+00 4.277585097325374121e-128
1.171171171171171178e-02 0.000000000000000000e+00 4.945463384455874125e-128
1.181181181181181240e-02 0.000000000000000000e+00 5.717413680271737996e-128
1.191191191191191302e-02 0.000000000000000000e+00 6.609620661939577683e-128
1.201201201201201191e-02 0.000000000000000000e+00 7.640780911162909322e-128
1.211211211211211253e-02 0.000000000000000000e+00 8.832491983198195111e-128
1.221221221221221315e-02 0.000000000000000000e+00 1.020970161676968300e-127
1.231231231231231203e-02 0.000000000000000000e+00 1.180122636234530400e-127
1.241241241241241265e-02 0.000000000000000000e+00 1.364035033443394487e-127
1.251251251251251327e-02 0.000000000000000000e+00 1.576551644122105250e-127
1.261261261261261389e-02 0.000000000000000000e+00 1.822112434557617059e-127
1.271271271271271278e-02 0.000000000000000000e+00 2.105845160398079291e-127
1.281281281281281340e-02 0.000000000000000000e+00 2.433671695905871090e-127
1.291291291291291402e-02 0.000000000000000000e+00 2.812430767859743670e-127
1.301301301301301290e-02 0.000000000000000000e+00 3.250019619874082122e-127
1.311311311311311352e-02 0.000000000000000000e+00 3.755557520986465678e-127
1.321321321321321414e-02 0.000000000000000000e+00 4.339574479957612479e-127
1.331331331331331476e-02 0.000000000000000000e+00 5.014229042933113936e-127
1.341341341341341364e-02 0.000000000000000000e+00 5.793559647422904295e-127
1.351351351351351426e-02 0.000000000000000000e+00 6.693774692071528951e-127
1.361361361361361488e-02 0.000000000000000000e+00 7.733587273362518304e-127
1.371371371371371377e-02 0.000000000000000000e+00 8.934601453284831358e-127
1.381381381381381439e-02 0.000000000000000000e+00 1.032175797461089351e-126
1.391391391391391501e-02 0.000000000000000000e+00 1.192384855417894565e-126
1.401401401401401389e-02 0.000000000000000000e+00 1.377410928396763697e-126
1.411411411411411451e-02 0.000000000000000000e+00 1.591090528323239864e-126
1.421421421421421513e-02 0.000000000000000000e+00 1.837852060511256325e-126
1.431431431431431575e-02 0.000000000000000000e+00 2.122806954571093118e-126
1.441441441441441464e-02 0.000000000000000000e+00 2.451854797586597699e-126
1.451451451451451526e-02 0.000000000000000000e+00 2.831804616586893930e-126
1.461461461461461588e-02 0.000000000000000000e+00 3.270514785867378593e-126
1.471471471471471476e-02 0.000000000000000000e+00 3.777054413415864005e-126
1.481481481481481538e-02 0.000000000000000000e+00 4.361889497199113820e-126
1.491491491491491600e-02 0.000000000000000000e+00 5.037097645201555320e-126
1.501501501501501488e-02 0.000000000000000000e+00 5.816615732986242867e-126
1.511511511511511550e-02 0.000000000000000000e+00 6.716525540895430911e-126
1.521521521521521612e-02 0.000000000000000000e+00 7.755383183244302152e-126
1.531531531531531674e-02 0.000000000000000000e+00 8.954599029557514551e-126
1.541541541541541563e-02 0.000000000000000000e+00 1.033887584082988054e-125
1.551551551551551625e-02 0.000000000000000000e+00 1.193671402262033882e-125
1.561561561561561687e-02 0.000000000000000000e+00 1.378099425515109586e-125
1.571571571571571749e-02 0.000000000000000000e+00 1.590964932581485394e-125
1.581581581581581811e-02 0.000000000000000000e+00 1.836643879295131762e-125
1.591591591591591526e-02 0.000000000000000000e+00 2.120184218777185399e-125
1.601601601601601588e-02 0.000000000000000000e+00 2.447408885540203979e-125
1.611611611611611650e-02 0.000000000000000000e+00 2.825034529434393147e-125
1.621621621621621712e-02 0.000000000000000000e+00 3.260808403134404928e-125
1.631631631631631774e-02 0.000000000000000000e+00 3.763666172952730065e-125
1.641641641641641836e-02 0.000000000000000000e+00 4.343913844485438340e-125
1.651651651651651898e-02 0.000000000000000000e+00 5.013437480378652112e-125
1.661661661661661613e-02 0.000000000000000000e+00 5.785944947108779729e-125
1.671671671671671675e-02 0.000000000000000000e+00 6.677244572209707114e-125
1.681681681681681736e-02 0.000000000000000000e+00 7.705566335797759290e-125
1.691691691691691798e-02 0.000000000000000000e+00 8.891932075334344661e-125
1.701701701701701860e-02 0.000000000000000000e+00 1.026058216737974079e-124
1.711711711711711922e-02 0.000000000000000000e+00 1.183946728431049864e-124
1.721721721721721637e-02 0.000000000000000000e+00 1.366081513015012806e-124
1.731731731731731699e-02 0.000000000000000000e+00 1.576178356390925604e-124
1.741741741741741761e-02 0.000000000000000000e+00 1.818521325100411025e-124
1.751751751751751823e-02 0.000000000000000000e+00 2.098049497797187095e-124
1.761761761761761885e-02 0.000000000000000000e+00 2.420456906248499099e-124
1.771771771771771947e-02 0.000000000000000000e+00 2.792307693527442470e-124
1.781781781781782009e-02 0.000000000000000000e+00 3.221168801545306435e-124
1.791791791791791724e-02 0.000000000000000000e+00 3.715762850659644605e-124
1.801801801801801786e-02 0.000000000000000000e+00 4.286144277710337784e-124
1.811811811811811848e-02 0.000000000000000000e+00 4.943902263513317948e-124
1.821821821821821910e-02 0.000000000000000000e+00 5.702394515780159038e-124
1.831831831831831972e-02 0.000000000000000000e+00 6.577016589256011841e-124
1.841841841841842034e-02 0.000000000000000000e+00 7.585512133742251645e-124
1.851851851851852096e-02 0.000000000000000000e+00 8.748330276660161422e-124
1.861861861861861811e-02 0.000000000000000000e+00 1.008903728608046840e-123
1.871871871871871873e-02 0.000000000000000000e+00 1.163479074119620096e-123
1.881881881881881935e-02 0.000000000000000000e+00 1.341688568153176996e-123
1.891891891891891997e-02 0.000000000000000000e+00 1.547138363823751412e-123
1.901901901901902059e-02 0.000000000000000000e+00 1.783983709900314483e-123
1.911911911911912121e-02 0.000000000000000000e+00 2.057012385485911428e-123
1.921921921921922183e-02 0.000000000000000000e+00 2.371740785992997444e-123
1.931931931931931898e-02 0.000000000000000000e+00 2.734524574707278914e-123
1.941941941941941960e-02 0.000000000000000000e+00 3.152686103274826958e-123
1.951951951951952022e-02 0.000000000000000000e+00 3.634661137034789641e-123
1.961961961961962084e-02 0.000000000000000000e+00 4.190167803820450921e-123
1.971971971971972146e-02 0.000000000000000000e+00 4.830401125157802371e-123
1.981981981981982208e-02 0.000000000000000000e+00 5.568256995399996633e-123
1.991991991991991923e-02 0.000000000000000000e+00 6.418590057188156911e-123
2.002002002002001985e-02 0.000000000000000000e+00 7.398510592168437460e-123
2.012012012012012047e-02 0.000000000000000000e+00 8.527726317302752281e-123
2.022022022022022109e-02 0.000000000000000000e+00 9.828935864512122408e-123
2.032032032032032171e-02 0.000000000000000000e+00 1.132828174221064675e-122
2.042042042042042232e-02 0.000000000000000000e+00 1.305587175151391918e-122
2.052052052052052294e-02 0.000000000000000000e+00 1.504637918054096370e-122
2.062062062062062009e-02 0.000000000000000000e+00 1.733973365380367230e-122
2.072072072072072071e-02 0.000000000000000000e+00 1.998191630043813238e-122
2.082082082082082133e-02 0.000000000000000000e+00 2.302587496013058243e-122
2.092092092092092195e-02 0.000000000000000000e+00 2.653257750903228858e-122
2.102102102102102257e-02 0.000000000000000000e+00 3.057222410605184665e-122
2.112112112112112319e-02 0.000000000000000000e+00 3.522564228572109976e-122
2.122122122122122381e-02 0.000000000000000000e+00 4.058589241824758756e-122
2.132132132132132096e-02 0.000000000000000000e+00 4.676011519083524787e-122
2.142142142142142158e-02 0.000000000000000000e+00 5.387165751704685800e-122
2.152152152152152220e-02 0.000000000000000000e+00 6.206251874596602344e-122
2.162162162162162282e-02 0.000000000000000000e+00 7.149616532632969915e-122
2.172172172172172344e-02 0.000000000000000000e+00 8.236076930515924967e-122
2.182182182182182406e-02 0.000000000000000000e+00 9.487293434627037059e-122
2.192192192192192121e-02 0.000000000000000000e+00 1.092819825028388654e-121
2.202202202202202183e-02 0.000000000000000000e+00 1.258748859557273982e-121
2.212212212212212245e-02 0.000000000000000000e+00 1.449819405488821840e-121
2.222222222222222307e-02 0.000000000000000000e+00 1.669832924590683863e-121
2.232232232232232369e-02 0.000000000000000000e+00 1.923164460128267124e-121
2.242242242242242431e-02 0.000000000000000000e+00 2.214848998300853292e-121
2.252252252252252493e-02 0.000000000000000000e+00 2.550680805043155527e-121
2.262262262262262208e-02 0.000000000000000000e+00 2.937327683509532504e-121
2.272272272272272270e-02 0.000000000000000000e+00 3.382462388569471360e-121
2.282282282282282332e-02 0.000000000000000000e+00 3.894913769115648449e-121
2.292292292292292394e-02 0.000000000000000000e+00 4.484840593351847325e-121
2.302302302302302456e-02 0.000000000000000000e+00 5.163931453966135485e-121
2.312312312312312518e-02 0.000000000000000000e+00 5.945634657687580156e-121
2.322322322322322580e-02 0.000000000000000000e+00 6.845422587025548208e-121
2.332332332332332295e-02 0.000000000000000000e+00 7.881095692241510660e-121
2.342342342342342357e-02 0.000000000000000000e+00 9.073132041721498041e-121
2.352352352352352419e-02 0.000000000000000000e+00 1.044508924377979123e-120
2.362362362362362481e-02 0.000000000000000000e+00 1.202406656959717527e-120
2.372372372372372543e-02 0.000000000000000000e+00 1.384123627499788582e-120
2.382382382382382605e-02 0.000000000000000000e+00 1.593245446070367417e-120
2.392392392392392667e-02 0.000000000000000000e+00 1.833896335225727264e-120
2.402402402402402382e-02 0.000000000000000000e+00 2.110819865177759988e-120
2.412412412412412444e-02 0.000000000000000000e+00 2.429471764803649765e-120
2.422422422422422505e-02 0.000000000000000000e+00 2.796126610808613448e-120
2.432432432432432567e-02 0.000000000000000000e+00 3.218000465792577789e-120
2.442442442442442629e-02 0.000000000000000000e+00 3.703391844265113553e-120
2.452452452452452691e-02 0.000000000000000000e+00 4.261843739756405197e-120
2.462462462462462406e-02 0.000000000000000000e+00 4.904329852874807482e-120
2.472472472472472468e-02 0.000000000000000000e+00 5.643468627232719218e-120
2.482482482482482530e-02 0.000000000000000000e+00 6.493769236580943461e-120
2.492492492492492592e-02 0.000000000000000000e+00 7.471914282488776221e-120
2.502502502502502654e-02 0.000000000000000000e+00 8.597084669312941743e-120
2.512512512512512716e-02 0.000000000000000000e+00 9.891332935504133689e-120
2.522522522522522778e-02 0.000000000000000000e+00 1.138001225301541854e-119
2.532532532532532493e-02 0.000000000000000000e+00 1.309226937761446095e-119
2.542542542542542555e-02 0.000000000000000000e+00 1.506161106256157864e-119
2.552552552552552617e-02 0.000000000000000000e+00 1.732655485999373225e-119
2.562562562562562679e-02 0.000000000000000000e+00 1.993137685529553825e-119
2.572572572572572741e-02 0.000000000000000000e+00 2.292697074070649746e-119
2.582582582582582803e-02 0.000000000000000000e+00 2.637183477075804223e-119
2.592592592592592865e-02 0.000000000000000000e+00 3.033320559467374143e-119
2.602602602602602580e-02 0.000000000000000000e+00 3.488836077614286296e-119
2.612612612612612642e-02 0.000000000000000000e+00 4.012611504253535603e-119
2.622622622622622704e-02 0.000000000000000000e+00 4.614853901501856398e-119
2.632632632632632766e-02 0.000000000000000000e+00 5.307293342872394781e-119
2.642642642642642828e-02 0.000000000000000000e+00 6.103409673894597345e-119
2.652652652652652890e-02 0.000000000000000000e+00 7.018692961786477956e-119
2.662662662662662952e-02 0.000000000000000000e+00 8.070942628336513542e-119
2.672672672672672667e-02 0.000000000000000000e+00 9.280610998859944397e-119
2.682682682682682729e-02 0.000000000000000000e+00 1.067119784784793550e-118
2.692692692692692791e-02 0.000000000000000000e+00 1.226970349475139619e-118
2.702702702702702853e-02 0.000000000000000000e+00 1.410714911969506225e-118
2.712712712712712915e-02 0.000000000000000000e+00 1.621917424984391384e-118
2.722722722722722977e-02 0.000000000000000000e+00 1.864672283693038161e-118
2.732732732732732692e-02 0.000000000000000000e+00 2.143683103290418775e-118
2.742742742742742754e-02 0.000000000000000000e+00 2.464353170547376920e-118
2.752752752752752816e-02 0.000000000000000000e+00 2.832889295527920062e-118
2.762762762762762878e-02 0.000000000000000000e+00 3.256421044308197070e-118
2.772772772772772940e-02 0.000000000000000000e+00 3.743137625716735705e-118
2.782782782782783002e-02 0.000000000000000000e+00 4.302445040272655038e-118
2.792792792792793063e-02 0.000000000000000000e+00 4.945146483975275462e-118
2.802802802802802778e-02 0.000000000000000000e+00 5.683649440635557307e-118
2.812812812812812840e-02 0.000000000000000000e+00 6.532203402313866788e-118
2.822822822822822902e-02 0.000000000000000000e+00 7.507172737663760042e-118
2.832832832832832964e-02 0.000000000000000000e+00 8.627349893519469120e-118
2.842842842842843026e-02 0.000000000000000000e+00 9.914314878324394459e-118
2.852852852852853088e-02 0.000000000000000000e+00 1.139284785143360963e-117
2.862862862862863150e-02 0.000000000000000000e+00 1.309140264620952272e-117
2.872872872872872865e-02 0.000000000000000000e+00 1.504265020619180415e-117
2.882882882882882927e-02 0.000000000000000000e+00 1.728410223382675242e-117
2.892892892892892989e-02 0.000000000000000000e+00 1.985882686520504367e-117
2.902902902902903051e-02 0.000000000000000000e+00 2.281626992025113526e-117
2.912912912912913113e-02 0.000000000000000000e+00 2.621319726830943810e-117
2.922922922922923175e-02 0.000000000000000000e+00 3.011477613135834412e-117
2.932932932932933237e-02 0.000000000000000000e+00 3.459581576381590554e-117
2.942942942942942952e-02 0.000000000000000000e+00 3.974219094798045607e-117
2.952952952952953014e-02 0.000000000000000000e+00 4.565247518356562764e-117
2.962962962962963076e-02 0.000000000000000000e+00 5.243981439275502609e-117
2.972972972972973138e-02 0.000000000000000000e+00 6.023407648247240226e-117
2.982982982982983200e-02 0.000000000000000000e+00 6.918431728696920894e-117
2.992992992992993262e-02 1.630416631276113596e-322 7.946160935344060235e-117
3.003003003003002977e-02 1.630416631276113596e-322 9.126228684157942312e-117
3.013013013013013039e-02 1.630416631276113596e-322 1.048116676114296185e-116
3.023023023023023101e-02 1.630416631276113596e-322 1.203683225179546145e-116
3.033033033033033163e-02 3.260833262552227192e-322 1.382289721817440067e-116
3.043043043043043225e-02 4.940656458412465442e-322 1.587341032535476131e-116
3.053053053053053287e-02 6.571073089688579038e-322 1.822744096543736521e-116
3.063063063063063349e-02 8.201489720964692633e-322 2.092981797023544834e-116
3.073073073073073064e-02 1.146232298351691982e-321 2.403197677191382048e-116
3.083083083083083126e-02 1.477256281065327167e-321 2.759293089701180393e-116
3.093093093093093188e-02 2.134363590034185071e-321 3.168038600089140675e-116
3.103103103103103250e-02 2.954512562130654334e-321 3.637201730995385916e-116
3.113113113113113312e-02 4.100744860482346317e-321 4.175693438695614872e-116
3.123123123123123374e-02 5.578001141547673484e-321 4.793736062696491337e-116
3.133133133133133436e-02 7.544382411995834730e-321 5.503055889262485912e-116
3.143143143143143498e-02 1.049889497412648906e-320 6.317103928113564309e-116
3.153153153153153559e-02 1.443659817148122402e-320 7.251309026666730319e-116
3.163163163163163621e-02 1.984661699344287368e-320 8.323368047757485951e-116
3.173173173173172990e-02 2.739594006189712087e-320 9.553578525893365754e-116
3.183183183183183051e-02 3.756381105330997475e-320 1.096522000646917654e-115
3.193193193193193113e-02 5.183736756166358742e-320 1.258499117653038942e-115
3.203203203203203175e-02 7.118991890926521455e-320 1.444351093133720989e-115
3.213213213213213237e-02 9.792875166219347752e-320 1.657589270715969327e-115
3.223223223223223299e-02 1.346724137434069830e-319 1.902240276929792708e-115
3.233233233233233361e-02 1.853586083502604660e-319 2.182921470022016856e-115
3.243243243243243423e-02 2.549131699717911545e-319 2.504927411464612794e-115
3.253253253253253485e-02 3.505445163808228356e-319 2.874328966898817645e-115
3.263263263263263547e-02 4.820993758989715529e-319 3.298086876932433877e-115
3.273273273273273609e-02 6.628681143993668385e-319 3.784181905805546286e-115
3.283283283283283671e-02 9.115412352641830491e-319 4.341763982335496647e-115
3.293293293293293733e-02 1.253227154615072334e-318 4.981323098397345432e-115
3.303303303303303795e-02 1.722861254269469237e-318 5.714885131907518680e-115
3.313313313313313163e-02 2.368506240254810221e-318 6.556236221195014346e-115
3.323323323323323225e-02 3.255606048019226803e-318 7.521179844233469742e-115
3.333333333333333287e-02 4.474881011452088675e-318 8.627831359031120050e-115
3.343343343343343349e-02 6.150336667003090305e-318 9.896955451644969982e-115
3.353353353353353411e-02 8.452405899861628103e-318 1.135235272833276660e-114
3.363363363363363473e-02 1.161549815569708149e-317 1.302130259274911062e-114
3.373373373373373535e-02 1.596095373056459722e-317 1.493507058436692082e-114
3.383383383383383597e-02 2.193085268305000588e-317 1.712948953930640940e-114
3.393393393393393659e-02 3.013129992550197348e-317 1.964562529106057180e-114
3.403403403403403721e-02 4.139543341584613567e-317 2.253053918110621368e-114
3.413413413413413783e-02 5.686624932245392425e-317 2.583816142610542277e-114
3.423423423423423845e-02 7.811389320846527917e-317 2.963029142191091822e-114
3.433433433433433907e-02 1.072929705334245014e-316 3.397774339175137379e-114
3.443443443443443275e-02 1.473615214881735517e-316 3.896165844920853840e-114
3.453453453453453337e-02 2.023797528469535021e-316 4.467500719422236931e-114
3.463463463463463399e-02 2.779199345898202677e-316 5.122431044774706660e-114
3.473473473473473461e-02 3.816295556884002930e-316 5.873160972132886479e-114
3.483483483483483523e-02 5.240037512772552150e-316 6.733672358388124799e-114
3.493493493493493585e-02 7.194433392937944348e-316 7.719983131233524898e-114
3.503503503503503647e-02 9.877083270237448556e-316 8.850443119042156977e-114
3.513513513513513709e-02 1.355909301974591528e-315 1.014607276585155464e-113
3.523523523523523771e-02 1.861240108962725584e-315 1.163095093414299940e-113
3.533533533533533832e-02 2.554724216508134034e-315 1.333265889320062684e-113
3.543543543543543894e-02 3.506352179402176633e-315 1.528278861472322929e-113
3.553553553553553956e-02 4.812125102783232650e-315 1.751752466873240716e-113
3.563563563563564018e-02 6.603712088968738676e-315 2.007831035259488134e-113
3.573573573573574080e-02 9.061690144403908381e-315 2.301261021862935208e-113
3.583583583583583448e-02 1.243369338472232321e-314 2.637478291867403024e-113
3.593593593593593510e-02 1.705929011451023229e-314 3.022708028896242826e-113
3.603603603603603572e-02 2.340408246249945126e-314 3.464079089183698118e-113
3.613613613613613634e-02 3.210643937413755104e-314 3.969754885335265406e-113
3.623623623623623696e-02 4.404154347266858755e-314 4.549083183514315266e-113
3.633633633633633758e-02 6.040915714231513305e-314 5.212767540887372725e-113
3.643643643643643820e-02 8.285388591271323984e-314 5.973063502393108197e-113
3.653653653653653882e-02 1.136299583981424714e-313 6.844003124428797224e-113
3.663663663663663944e-02 1.558269872871064937e-313 7.841651905902567825e-113
3.673673673673674006e-02 2.136792552716006374e-313 8.984402793547184145e-113
3.683683683683684068e-02 2.929894001375629266e-313 1.029331259888946659e-112
3.693693693693694130e-02 4.017087727751263156e-313 1.179248693090140046e-112
3.703703703703704192e-02 5.507323456016771825e-313 1.350952062482119097e-112
3.713713713713713560e-02 7.549874152289418961e-313 1.547600164970113553e-112
3.723723723723723622e-02 1.034924578665419736e-312 1.772808762276653224e-112
3.733733733733733684e-02 1.418559479439498182e-312 2.030716536821614810e-112
3.743743743743743746e-02 1.944268587931704584e-312 2.326060545512234405e-112
3.753753753753753808e-02 2.664617215610415344e-312 2.664262536027224964e-112
3.763763763763763870e-02 3.651600514475618944e-312 3.051527685773570182e-112
3.773773773773773932e-02 5.003818518992836689e-312 3.494957547270115672e-112
3.783783783783783994e-02 6.856298246101967780e-312 4.002679239238995739e-112
3.793793793793794056e-02 9.393938490423537695e-312 4.583993214735374903e-112
3.803803803803804118e-02 1.286991218993466109e-311 5.249542271432680970e-112
3.813813813813814180e-02 1.763085264516226394e-311 6.011504850628580617e-112
3.823823823823824242e-02 2.415132198783401045e-311 6.883816107467575214e-112
3.833833833833834304e-02 3.308097953970830415e-311 7.882420733021040495e-112
3.843843843843844366e-02 4.530912483896621857e-311 9.025562078127036990e-112
3.853853853853853734e-02 6.205300921042836104e-311 1.033411277933754734e-111
3.863863863863863796e-02 8.497866044854824472e-311 1.183195283055217200e-111
3.873873873873873858e-02 1.163661792432144394e-310 1.354640189313718517e-111
3.883883883883883920e-02 1.593358602469973408e-310 1.550871360756427013e-111
3.893893893893893982e-02 2.181574980697467057e-310 1.775464077812807170e-111
3.903903903903904044e-02 2.986734506318290696e-310 2.032508156872110801e-111
3.913913913913914105e-02 4.088772575477046550e-310 2.326681829444732521e-111
3.923923923923924167e-02 5.597049540474617369e-310 2.663336204663866834e-111
3.933933933933934229e-02 7.661171902614841571e-310 3.048591827681461539e-111
3.943943943943944291e-02 1.048578922866533323e-309 3.489449062186197461e-111
3.953953953953954353e-02 1.435082606914888821e-309 3.993914271609516941e-111
3.963963963963964415e-02 1.963914326275322014e-309 4.571144054968580727e-111
3.973973973973974477e-02 2.687435414658959162e-309 5.231610114663981747e-111
3.983983983983983845e-02 3.677252009978823758e-309 5.987287700617093350e-111
3.993993993993993907e-02 5.031281450204108086e-309 6.851870994325556285e-111
4.004004004004003969e-02 6.883410837603530822e-309 7.841019275162086785e-111
4.014014014014014031e-02 9.416697738011991375e-309 8.972638257983153313e-111
4.024024024024024093e-02 1.288141078406580132e-308 1.026720161543892675e-110
4.034034034034034155e-02 1.761968296764313356e-308 1.174811841131552290e-110
4.044044044044044217e-02 2.409919912206632510e-308 1.344215298533920809e-110
4.054054054054054279e-02 3.295922496376899617e-308 1.537990475940937122e-110
4.064064064064064341e-02 4.507349469882745066e-308 1.759635649655186187e-110
4.074074074074074403e-02 6.163612581697213648e-308 2.013150075570618900e-110
4.084084084084084465e-02 8.427898462954827444e-308 2.303105566891427264e-110
4.094094094094094527e-02 1.152320045285491236e-307 2.634728274698815834e-110
4.104104104104104589e-02 1.575421612894675090e-307 3.013992122286080461e-110
4.114114114114113957e-02 2.153725459541144620e-307 3.447725550033322470e-110
4.124124124124124019e-02 2.944108052294514399e-307 3.943733462567837633e-110
4.134134134134134081e-02 4.024269049991762047e-307 4.510936538180235211e-110
4.144144144144144143e-02 5.500347554461995005e-307 5.159530366646084558e-110
4.154154154154154205e-02 7.517321364282938309e-307 5.901167231052022126e-110
4.164164164164164267e-02 1.027320516020401695e-306 6.749163748096170076e-110
4.174174174174174329e-02 1.403843405273128531e-306 7.718738036571785713e-110
4.184184184184184391e-02 1.918232441068553295e-306 8.827280603288557514e-110
4.194194194194194453e-02 2.620919349729647634e-306 1.009466372861448928e-109
4.204204204204204515e-02 3.580766016579599266e-306 1.154359481049529455e-109
4.214214214214214577e-02 4.891793206305157902e-306 1.320001989795246470e-109
4.224224224224224639e-02 6.682363501259594321e-306 1.509358452621993097e-109
4.234234234234234701e-02 9.127712730684712747e-306 1.725815997108905745e-109
4.244244244244244763e-02 1.246704970247606759e-305 1.973244418730275801e-109
4.254254254254254131e-02 1.702688797618187691e-305 2.256064800479563199e-109
4.264264264264264193e-02 2.325287874361107045e-305 2.579327865005957625e-109
4.274274274274274255e-02 3.175323923496532794e-305 2.948803436386542884e-109
4.284284284284284317e-02 4.335799633964902921e-305 3.371082583046576227e-109
4.294294294294294378e-02 5.919979920061968692e-305 3.853694235114480170e-109
4.304304304304304440e-02 8.082414577526974034e-305 4.405238322480741657e-109
4.314314314314314502e-02 1.103397189140898881e-304 5.035537768432160132e-109
4.324324324324324564e-02 1.506234128292531770e-304 5.755812002927526900e-109
4.334334334334334626e-02 2.055999261607126459e-304 6.578875035075312218e-109
4.344344344344344688e-02 2.806230144012427431e-304 7.519361552691616337e-109
4.354354354354354750e-02 3.829953285690170947e-304 8.593985005303222132e-109
4.364364364364364812e-02 5.226771672239584345e-304 9.821832184139508634e-109
4.374374374374374874e-02 7.132527270803341773e-304 1.122469944805316505e-108
4.384384384384384242e-02 9.732473129763849941e-304 1.282747646902042217e-108
4.394394394394394304e-02 1.327922856804011081e-303 1.465858419725630459e-108
4.404404404404404366e-02 1.811725259823564656e-303 1.675047468838949480e-108
4.414414414414414428e-02 2.471619956082613447e-303 1.914020150981921484e-108
4.424424424424424490e-02 3.371637745001590611e-303 2.187007066874849286e-108
4.434434434434434552e-02 4.599069593297018509e-303 2.498838340160678351e-108
4.444444444444444614e-02 6.272907970506998003e-303 2.855028375775152712e-108
4.454454454454454676e-02 8.555348618349908469e-303 3.261872572668181810e-108
4.464464464464464738e-02 1.166746123265758831e-302 3.726557672887967967e-108
4.474474474474474800e-02 1.591053862824033541e-302 4.257287665141011763e-108
4.484484484484484862e-02 2.169518003575854266e-302 4.863427430085565444e-108
4.494494494494494924e-02 2.958090760443157839e-302 5.555666621456872221e-108
4.504504504504504986e-02 4.033012720245705447e-302 6.346206626878218584e-108
4.514514514514515048e-02 5.498162216296734608e-302 7.248973850928697115e-108
4.524524524524524416e-02 7.495064361735732983e-302 8.279863017490703376e-108
4.534534534534534478e-02 1.021652129381370062e-301 9.457014706395630601e-108
4.544544544544544540e-02 1.392517246971936471e-301 1.080113192981407684e-107
4.554554554554554602e-02 1.897876645055351514e-301 1.233584122671259017e-107
4.564564564564564664e-02 2.586456868173152935e-301 1.408810452062566227e-107
4.574574574574574726e-02 3.524620475890381820e-301 1.608868885995379164e-107
4.584584584584584788e-02 4.802742910786219598e-301 1.837270215604861745e-107
4.594594594594594850e-02 6.543892852465902064e-301 2.098020416933740631e-107
4.604604604604604912e-02 8.915647312063818650e-301 2.395690328709643953e-107
4.614614614614614974e-02 1.214617239752108336e-300 2.735495111031496839e-107
4.624624624624625036e-02 1.654610828465348733e-300 3.123384854629673799e-107
4.634634634634635098e-02 2.253835129483469859e-300 3.566147901706462798e-107
4.644644644644645159e-02 3.069857989664753383e-300 4.071528657355761718e-107
4.654654654654654528e-02 4.181039667551243393e-300 4.648361918937137417e-107
4.664664664664664590e-02 5.694035239014949573e-300 5.306726033735104842e-107
4.674674674674674651e-02 7.754001372709375288e-300 6.058117517583329827e-107
4.684684684684684713e-02 1.055848134430938714e-299 6.915650134370530591e-107
4.694694694694694775e-02 1.437629250918527333e-299 7.894281854649853225e-107
4.704704704704704837e-02 1.957321671736973293e-299 9.011073588086487288e-107
4.714714714714714899e-02 2.664694153958772548e-299 1.028548412725262043e-106
4.724724724724724961e-02 3.627458010087883800e-299 1.173970635850888302e-106
4.734734734734735023e-02 4.937729323497625326e-299 1.339905049983781330e-106
4.744744744744745085e-02 6.720816293980736570e-299 1.529238092750244318e-106
4.754754754754755147e-02 9.147167471953358147e-299 1.745261406673864472e-106
4.764764764764765209e-02 1.244861675037636117e-298 1.991728586190370246e-106
4.774774774774775271e-02 1.694046875218832075e-298 2.272919852603543715e-106
4.784784784784785333e-02 2.305152225955215662e-298 2.593715761878945404e-106
4.794794794794794701e-02 3.136488197333700052e-298 2.959681203776113425e-106
4.804804804804804763e-02 4.267343131364417742e-298 3.377161125731226848e-106
4.814814814814814825e-02 5.805522777906817519e-298 3.853389614069614778e-106
4.824824824824824887e-02 7.897596873560327872e-298 4.396614191886968873e-106
4.834834834834834949e-02 1.074282374752691210e-297 5.016237451123494013e-106
4.844844844844845011e-02 1.461207187050472989e-297 5.722978430309265181e-106
4.854854854854855073e-02 1.987352974400846019e-297 6.529056484107851668e-106
4.864864864864865135e-02 2.702763709831168183e-297 7.448400771756693445e-106
4.874874874874875197e-02 3.675454147952913613e-297 8.496888925222457641e-106
4.884884884884885259e-02 4.997856700323237753e-297 9.692618951577039500e-106
4.894894894894895321e-02 6.795578767063153329e-297 1.105621898609919292e-105
4.904904904904905383e-02 9.239297726459718593e-297 1.261120015228055067e-105
4.914914914914915445e-02 1.256091664640571773e-296 1.438435851304898994e-105
4.924924924924924813e-02 1.707550535716406383e-296 1.640623292622291197e-105
4.934934934934934875e-02 2.321109654821205932e-296 1.871162656039584444e-105
4.944944944944944937e-02 3.154914621243627136e-296 2.134020090095265879e-105
4.954954954954954999e-02 4.287947149679592334e-296 2.433715229749346605e-105
4.964964964964965061e-02 5.827484101569908639e-296 2.775398249426577784e-105
4.974974974974975123e-02 7.919224068623223560e-296 3.164937616718835115e-105
4.984984984984985185e-02 1.076103454000824089e-295 3.609020029140774408e-105
4.994994994994995247e-02 1.462161283002805637e-295 4.115264221179521415e-105
5.005005005005005309e-02 1.986581536680559962e-295 4.692350561966083451e-105
5.015015015015015371e-02 2.698903584265549667e-295 5.350168629113406968e-105
5.025025025025025432e-02 3.666386167243647573e-295 6.099985246002976047e-105
5.035035035035035494e-02 4.980338960129124915e-295 6.954635813112428157e-105
5.045045045045045556e-02 6.764714279082143541e-295 7.928742154530860705e-105
5.055055055055055618e-02 9.187764920769460369e-295 9.038960545147027280e-105
5.065065065065064986e-02 1.247786124216707764e-294 1.030426408944925156e-104
5.075075075075075048e-02 1.694494990519148728e-294 1.174626419784973759e-104
5.085085085085085110e-02 2.300966453767790284e-294 1.338957656052489386e-104
5.095095095095095172e-02 3.124281413632043199e-294 1.526223776271264343e-104
5.105105105105105234e-02 4.241894507114861483e-294 1.739617953160632527e-104
5.115115115115115296e-02 5.758898743941488237e-294 1.982776856747375267e-104
5.125125125125125358e-02 7.817877873323772201e-294 2.259842100626672006e-104
5.135135135135135420e-02 1.061226732562594333e-293 2.575530180590801331e-104
5.145145145145145482e-02 1.440447192275855614e-293 2.935212076433681550e-104
5.155155155155155544e-02 1.955043215306756929e-293 3.345003848742522676e-104
5.165165165165165606e-02 2.653293190237584828e-293 3.811869745591958307e-104
5.175175175175175668e-02 3.600675498166730629e-293 4.343739542254227235e-104
5.185185185185185730e-02 4.885990124400240375e-293 4.949642073799698787e-104
5.195195195195195098e-02 6.629656798571467137e-293 5.639857189647616576e-104
5.205205205205205160e-02 8.994962740605911743e-293 6.426088665209442793e-104
5.215215215215215222e-02 1.220330739926810774e-292 7.321660953772430529e-104
5.225225225225225284e-02 1.655486311317657966e-292 8.341743057414817264e-104
5.235235235235235346e-02 2.245657383154244786e-292 9.503603245559821088e-104
5.245245245245245408e-02 3.046009551512614894e-292 1.082689886112585542e-103
5.255255255255255470e-02 4.131320469034427674e-292 1.233400603556180992e-103
5.265265265265265532e-02 5.602945125434355076e-292 1.405039479485976810e-103
5.275275275275275594e-02 7.598252361319370160e-292 1.600505578978651793e-103
5.285285285285285656e-02 1.030340850127509902e-291 1.823098573742190675e-103
5.295295295295295718e-02 1.397069411878614619e-291 2.076573963154724024e-103
5.305305305305305780e-02 1.894195976729756880e-291 2.365205888248542340e-103
5.315315315315315842e-02 2.568039478913873309e-291 2.693858580061895958e-103
5.325325325325325904e-02 3.481355248991632889e-291 3.068067626265393302e-103
5.335335335335335272e-02 4.719161598947309303e-291 3.494132401887826272e-103
5.345345345345345334e-02 6.396629791150128994e-291 3.979221193975730144e-103
5.355355355355355396e-02 8.669767358511894328e-291 4.531490759139182877e-103
5.365365365365365458e-02 1.174988272150602697e-290 5.160222290541619117e-103
5.375375375375375520e-02 1.592316810512611270e-290 5.875976040900652454e-103
5.385385385385385582e-02 2.157721001773034685e-290 6.690767154863029341e-103
5.395395395395395644e-02 2.923687545403469703e-290 7.618265612697753304e-103
5.405405405405405705e-02 3.961288626699677278e-290 8.674023583291709883e-103
5.415415415415415767e-02 5.366756324358574685e-290 9.875733934418374352e-103
5.425425425425425829e-02 7.270380270396553754e-290 1.124352415942416041e-102
5.435435435435435891e-02 9.848548710331211259e-290 1.280029056024507218e-102
5.445445445445445953e-02 1.334004234133738686e-289 1.457207818637201999e-102
5.455455455455456015e-02 1.806808142977469494e-289 1.658851277883799281e-102
5.465465465465465383e-02 2.447015558640757747e-289 1.888329181957906184e-102
5.475475475475475445e-02 3.313838067524232616e-289 2.149474275346336675e-102
5.485485485485485507e-02 4.487409415042955410e-289 2.446645754864846695e-102
5.495495495495495569e-02 6.076170717444244475e-289 2.784801400833641593e-102
5.505505505505505631e-02 8.226859877968445976e-289 3.169579566381864381e-102
5.515515515515515693e-02 1.113802257160813585e-288 3.607392368780326772e-102
5.525525525525525755e-02 1.507828498396259307e-288 4.105531609439114951e-102
5.535535535535535817e-02 2.041106479513700798e-288 4.672289156728241465e-102
5.545545545545545879e-02 2.762798654202257092e-288 5.317093761444714320e-102
5.555555555555555941e-02 3.739406430546268031e-288 6.050666542348578218e-102
5.565565565565566003e-02 5.060879136703607904e-288 6.885197683057412877e-102
5.575575575575576065e-02 6.848873127277377298e-288 7.834547226609372758e-102
5.585585585585586127e-02 9.267917026340772711e-288 8.914473245763928731e-102
5.595595595595596189e-02 1.254050463968852397e-287 1.014289111188409246e-101
5.605605605605605557e-02 1.696749577650943103e-287 1.154016809021641748e-101
5.615615615615615619e-02 2.295568975713802191e-287 1.312945806270484164e-101
5.625625625625625681e-02 3.105509084181786132e-287 1.493708183028572119e-101
5.635635635635635743e-02 4.200926872365420935e-287 1.699295918546992901e-101
5.645645645645645805e-02 5.682341094774653824e-287 1.933109978470278202e-101
5.655655655655655867e-02 7.685627612440180553e-287 2.199016080205588255e-101
5.665665665665665929e-02 1.039444335154284942e-286 2.501408042642614000e-101
5.675675675675675991e-02 1.405701136075940373e-286 2.845279749097900700e-101
5.685685685685686053e-02 1.900879623477880514e-286 3.236306891579127176e-101
5.695695695695696115e-02 2.570313487135016166e-286 3.680939822462649251e-101
5.705705705705706177e-02 3.475261068944371934e-286 4.186509019007061887e-101
5.715715715715716239e-02 4.698493558710361523e-286 4.761344869627341536e-101
5.725725725725726301e-02 6.351842147480090545e-286 5.414913721809170442e-101
5.735735735735735669e-02 8.586390146365960186e-286 6.157972393621657708e-101
5.745745745745745731e-02 1.160623606317425083e-285 7.002743648169752021e-101
5.755755755755755793e-02 1.568707747943533794e-285 7.963115467802742957e-101
5.765765765765765855e-02 2.120130256417391724e-285 9.054867347777516528e-101
5.775775775775775916e-02 2.865186568577250611e-285 1.029592726352825481e-100
5.785785785785785978e-02 3.871801909430976536e-285 1.170666345861607469e-100
5.795795795795796040e-02 5.231704586051848301e-285 1.331021575966436601e-100
5.805805805805806102e-02 7.068758701519596524e-285 1.513287175902436622e-100
5.815815815815816164e-02 9.550210871153123464e-285 1.720449392569979496e-100
5.825825825825826226e-02 1.290186892842685027e-284 1.955900452154106806e-100
5.835835835835836288e-02 1.742858586524952926e-284 2.223493612595752356e-100
5.845845845845846350e-02 2.354190135694536134e-284 2.527605662302613281e-100
5.855855855855856412e-02 3.179733930690908915e-284 2.873207869663327212e-100
5.865865865865866474e-02 4.294473104439020600e-284 3.265946523100011544e-100
5.875875875875875842e-02 5.799610847505405530e-284 3.712234354706545326e-100
5.885885885885885904e-02 7.831729521564277499e-284 4.219354314406813877e-100
5.895895895895895966e-02 1.057514588443802870e-283 4.795577358768985572e-100
5.905905905905906028e-02 1.427857656237291611e-283 5.450296142260660728e-100
5.915915915915916090e-02 1.927761587758049430e-283 6.194176752351148888e-100
5.925925925925926152e-02 2.602505107274083813e-283 7.039330917480398091e-100
5.935935935935936214e-02 3.513174476779383513e-283 7.999511443052840411e-100
5.945945945945946276e-02 4.742176431709800644e-283 9.090334000412332005e-100
5.955955955955956338e-02 6.400671771127125687e-283 1.032952881309505836e-99
5.965965965965966400e-02 8.638598041857094277e-283 1.173722626007447137e-99
5.975975975975976462e-02 1.165818214775684718e-282 1.333628095477661029e-99
5.985985985985986524e-02 1.573215681604284483e-282 1.515263946975856160e-99
5.995995995995996586e-02 2.122831666362611113e-282 1.721575756983559918e-99
6.006006006006005954e-02 2.864261783195163314e-282 1.955907360188351441e-99
6.016016016016016016e-02 3.864379056824288079e-282 2.222054557995223703e-99
6.026026026026026078e-02 5.213346507763210582e-282 2.524326051372794263e-99
6.036036036036036140e-02 7.032719947862665163e-282 2.867612567251807922e-99
6.046046046046046202e-02 9.486366864516901936e-282 3.257465277379354018e-99
6.056056056056056264e-02 1.279517908693321206e-281 3.700184755536556132e-99
6.066066066066066326e-02 1.725689600838896867e-281 4.202921885631696648e-99
6.076076076076076388e-02 2.327281169410380310e-281 4.773792322008156210e-99
6.086086086086086450e-02 3.138375389162179247e-281 5.422006317321750700e-99
6.096096096096096512e-02 4.231855049200802614e-281 6.158015975861676775e-99
6.106106106106106574e-02 5.705931298780230882e-281 6.993682265050297941e-99
6.116116116116116636e-02 7.692936599930145529e-281 7.942464429297985964e-99
6.126126126126126697e-02 1.037116702746807320e-280 9.019634803342486880e-99
6.136136136136136759e-02 1.398083030211144715e-280 1.024252242210720802e-98
6.146146146146146128e-02 1.884552152073868774e-280 1.163078927724487969e-98
6.156156156156156189e-02 2.540114050667208230e-280 1.320674358397280442e-98
6.166166166166166251e-02 3.423482668547491108e-280 1.499569500349878352e-98
6.176176176176176313e-02 4.613737809733228912e-280 1.702635742537260972e-98
6.186186186186186375e-02 6.217381952849078097e-280 1.933130566076868645e-98
6.196196196196196437e-02 8.377839694185237979e-280 2.194749324352589902e-98
6.206206206206206499e-02 1.128824441640382585e-279 2.491683949397400843e-98
6.216216216216216561e-02 1.520864850861295355e-279 2.828689508604427630e-98
6.226226226226226623e-02 2.048918585285778218e-279 3.211159658764325693e-98
6.236236236236236685e-02 2.760124303505738517e-279 3.645212183700929429e-98
6.246246246246246747e-02 3.717940547651306245e-279 4.137785959515246645e-98
6.256256256256256809e-02 5.007789910905885768e-279 4.696750870121260112e-98
6.266266266266266871e-02 6.744653160356721058e-279 5.331032398102328813e-98
6.276276276276276933e-02 9.083286276776410170e-279 6.050752845088697031e-98
6.286286286286286995e-02 1.223196537703213742e-278 6.867391395399369914e-98
6.296296296296297057e-02 1.647097638759163189e-278 7.793965530592559258e-98
6.306306306306307119e-02 2.217748562576476606e-278 8.845236635410871108e-98
6.316316316316317181e-02 2.985899105109054766e-278 1.003794301247773844e-97
6.326326326326327243e-02 4.019831149383809692e-278 1.139106394987936242e-97
6.336336336336337305e-02 5.411408931428919089e-278 1.292611896896916308e-97
6.346346346346345979e-02 7.284215024985025450e-278 1.466750692683966252e-97
6.356356356356356041e-02 9.804490296262093029e-278 1.664289026737957030e-97
6.366366366366366103e-02 1.319584315867996693e-277 1.888363041612338540e-97
6.376376376376376165e-02 1.775902544088098296e-277 2.142528110807887374e-97
6.386386386386386227e-02 2.389851821418489491e-277 2.430814733656396753e-97
6.396396396396396289e-02 3.215827014692656247e-277 2.757791862860984537e-97
6.406406406406406351e-02 4.326973591843611019e-277 3.128638650426542779e-97
6.416416416416416413e-02 5.821644350212048668e-277 3.549225728102450713e-97
6.426426426426426475e-02 7.832077145983103392e-277 4.026207286032883570e-97
6.436436436436436537e-02 1.053605679758294214e-276 4.567125380356718268e-97
6.446446446446446599e-02 1.417258629512815262e-276 5.180528089554885399e-97
6.456456456456456661e-02 1.906294422880469544e-276 5.876103353327155643e-97
6.466466466466466723e-02 2.563897771657368539e-276 6.664830569948426804e-97
6.476476476476476785e-02 3.448111435773773072e-276 7.559152302105156507e-97
6.486486486486486847e-02 4.636942827857940214e-276 8.573168751380140417e-97
6.496496496496496909e-02 6.235223853637294523e-276 9.722858012497894269e-97
6.506506506506506970e-02 8.383825279517971358e-276 1.102632551561111013e-96
6.516516516516517032e-02 1.127203291770284487e-275 1.250408651426770875e-96
6.526526526526527094e-02 1.515416941655204248e-275 1.417938598520765075e-96
6.536536536536537156e-02 2.037191654028904766e-275 1.607856088143662142e-96
6.546546546546547218e-02 2.738429084810997529e-275 1.823145033093185725e-96
6.556556556556557280e-02 3.680789400676585867e-275 2.067186010981194417e-96
6.566566566566567342e-02 4.947095576256346381e-275 2.343808855189600664e-96
6.576576576576577404e-02 6.648589087685036677e-275 2.657352199915116365e-96
6.586586586586587466e-02 8.934670572497535861e-275 3.012730896370327117e-96
6.596596596596597528e-02 1.200597560851340594e-274 3.415512337826753186e-96
6.606606606606607590e-02 1.613192630511380700e-274 3.872002867611970338e-96
6.616616616616616264e-02 2.167428912686121749e-274 4.389345598493456579e-96
6.626626626626626326e-02 2.911879210581107974e-274 4.975631146434838283e-96
6.636636636636636388e-02 3.911755569082512899e-274 5.640022979124733582e-96
6.646646646646646450e-02 5.254603171864180946e-274 6.392899302960423408e-96
6.656656656656656512e-02 7.057940585673225492e-274 7.246013664692644610e-96
6.666666666666666574e-02 9.479510958156201411e-274 8.212676729514174591e-96
6.676676676676676636e-02 1.273103547012915206e-273 9.307962020316598010e-96
6.686686686686686698e-02 1.709666427888412656e-273 1.054893876806212462e-95
6.696696696696696760e-02 2.295772765576642126e-273 1.195493543615963411e-95
6.706706706706706822e-02 3.082593624686760377e-273 1.354783794871107291e-95
6.716716716716716884e-02 4.138791157211129843e-273 1.535242718046166324e-95
6.726726726726726946e-02 5.556490926696276851e-273 1.739676086329805631e-95
6.736736736736737008e-02 7.459291288631843178e-273 1.971260573906145942e-95
6.746746746746747070e-02 1.001300388327765539e-272 2.233592655154041616e-95
6.756756756756757132e-02 1.344005551727402806e-272 2.530743933321920791e-95
6.766766766766767194e-02 1.803879824057471936e-272 2.867323741760976878e-95
6.776776776776777256e-02 2.420939853929814954e-272 3.248549971052947956e-95
6.786786786786787318e-02 3.248854478972034470e-272 3.680329199990109909e-95
6.796796796796797380e-02 4.359597336815275523e-272 4.169347349250535984e-95
6.806806806806807442e-02 5.849683358484837071e-272 4.723172235838190460e-95
6.816816816816817504e-02 7.848527760798293697e-272 5.350369586341741805e-95
6.826826826826827566e-02 1.052964911851901221e-271 6.060634270492064872e-95
6.836836836836837628e-02 1.412568314529843011e-271 6.864938746402175002e-95
6.846846846846847690e-02 1.894850198854979010e-271 7.775700968714080024e-95
6.856856856856857751e-02 2.541617331617334390e-271 8.806974304508756304e-95
6.866866866866867813e-02 3.408908194611907068e-271 9.974662333692516630e-95
6.876876876876877875e-02 4.571832470574655639e-271 1.129676178554867628e-94
6.886886886886886550e-02 6.131054414099062261e-271 1.279363728688371919e-94
6.896896896896896612e-02 8.221477900044356529e-271 1.448833207600772000e-94
6.906906906906906674e-02 1.102388000290902835e-270 1.640691937778669819e-94
6.916916916916916735e-02 1.478049303305354516e-270 1.857889974626121875e-94
6.926926926926926797e-02 1.981587368860643273e-270 2.103765037196480066e-94
6.936936936936936859e-02 2.656485133831807208e-270 2.382093313132432026e-94
6.946946946946946921e-02 3.560995417530942898e-270 2.697146903699049837e-94
6.956956956956956983e-02 4.773152390193139036e-270 3.053758774381248898e-94
6.966966966966967045e-02 6.397481604308547240e-270 3.457396189006529879e-94
6.976976976976977107e-02 8.573983665455134706e-270 3.914243732431668611e-94
6.986986986986987169e-02 1.149016110879585952e-269 4.431297170370523755e-94
6.996996996996997231e-02 1.539711824097347633e-269 5.016469557078586183e-94
7.007007007007007293e-02 2.063111177687475510e-269 5.678711184739152025e-94
7.017017017017017355e-02 2.764239569349854798e-269 6.428145175226222562e-94
7.027027027027027417e-02 3.703382647517446719e-269 7.276220748538920301e-94
7.037037037037037479e-02 4.961252782720637666e-269 8.235886466006239904e-94
7.047047047047047541e-02 6.645902782624575385e-269 9.321786044329294267e-94
7.057057057057057603e-02 8.901977104635956240e-269 1.055047967296441094e-93
7.067067067067067665e-02 1.192309000147578385e-268 1.194069414733399077e-93
7.077077077077077727e-02 1.596838635685404289e-268 1.351360555936937148e-93
7.087087087087087789e-02 2.138469703710642001e-268 1.529315877134555212e-93
7.097097097097097851e-02 2.863617661075344802e-268 1.730642844600435932e-93
7.107107107107107913e-02 3.834394763981959999e-268 1.958402702354333091e-93
7.117117117117117975e-02 5.133912636275920742e-268 2.216056573338587134e-93
7.127127127127128037e-02 6.873374153390107818e-268 2.507517551587934376e-93
7.137137137137138099e-02 9.201557773434959453e-268 2.837209561789866225e-93
7.147147147147148161e-02 1.231750052370098463e-267 3.210133862959816136e-93
7.157157157157156835e-02 1.648745722913593622e-267 3.631944186231074224e-93
7.167167167167166897e-02 2.206757619598547043e-267 4.109031624608071422e-93
7.177177177177176959e-02 2.953421608618470973e-267 4.648620536860333139e-93
7.187187187187187021e-02 3.952447606600378344e-267 5.258876890632502196e-93
7.197197197197197083e-02 5.289037614350366088e-267 5.949030653724316593e-93
7.207207207207207145e-02 7.077127990851034569e-267 6.729514050016281298e-93
7.217217217217217207e-02 9.469069510702437452e-267 7.612117730731915835e-93
7.227227227227227269e-02 1.266856487279729564e-266 8.610167176074479429e-93
7.237237237237237331e-02 1.694795862532990417e-266 9.738721940574991612e-93
7.247247247247247393e-02 2.267134213020286874e-266 1.101480069214043198e-92
7.257257257257257455e-02 3.032542716007845380e-266 1.245763537466268168e-92
7.267267267267267516e-02 4.056079731800742222e-266 1.408895825274087194e-92
7.277277277277277578e-02 5.424702183040858266e-266 1.593332608073221423e-92
7.287287287287287640e-02 7.254628497732585761e-266 1.801848618414294209e-92
7.297297297297297702e-02 9.701174468704379518e-266 2.037578985713176938e-92
7.307307307307307764e-02 1.297189166711788492e-265 2.304065917466120371e-92
7.317317317317317826e-02 1.734411607476062130e-265 2.605311410165146012e-92
7.327327327327327888e-02 2.318840569591167392e-265 2.945836766575539496e-92
7.337337337337337950e-02 3.099984119446834765e-265 3.330749795798037582e-92
7.347347347347348012e-02 4.143982459000476322e-265 3.765820685066726554e-92
7.357357357357358074e-02 5.539189311353704330e-265 4.257567659180980469e-92
7.367367367367368136e-02 7.403624233177958230e-265 4.813353686657915483e-92
7.377377377377378198e-02 9.894922310843217025e-265 5.441495653202666033e-92
7.387387387387388260e-02 1.322361722600163488e-264 6.151387605269364911e-92
7.397397397397398322e-02 1.767087320779673034e-264 6.953639871941860159e-92
7.407407407407408384e-02 2.361215428429565636e-264 7.860236105111171675e-92
7.417417417417418446e-02 3.154881665413298323e-264 8.884710539245309270e-92
7.427427427427427120e-02 4.215027345029347558e-264 1.004234806679512008e-91
7.437437437437437182e-02 5.631026602727021927e-264 1.135041005763504864e-91
7.447447447447447244e-02 7.522195597677703480e-264 1.282838922573778284e-91
7.457457457457457306e-02 1.004781257482192711e-263 1.449829726889733108e-91
7.467467467467467368e-02 1.342048741501152068e-263 1.638498948389172068e-91
7.477477477477477430e-02 1.792399909095839068e-263 1.851653109675447093e-91
7.487487487487487492e-02 2.393709247855568818e-263 2.092461065370245563e-91
7.497497497497497554e-02 3.196522328569490530e-263 2.364500650127698417e-91
7.507507507507507616e-02 4.268290281271957240e-263 2.671811315434949906e-91
7.517517517517517678e-02 5.699017795933779382e-263 3.018953521880372979e-91
7.527527527527527740e-02 7.608795976192060342e-263 3.411075751437689913e-91
7.537537537537537802e-02 1.015784835994555332e-262 3.853990114649765303e-91
7.547547547547547864e-02 1.355992763464881472e-262 4.354257651951010027e-91
7.557557557557557926e-02 1.810017937475634811e-262 4.919284568567649425e-91
7.567567567567567988e-02 2.415896063234286008e-262 5.557430800437166859e-91
7.577577577577578050e-02 3.224359621022426458e-262 6.278132486694200545e-91
7.587587587587588112e-02 4.303071494547099138e-262 7.092040125004887179e-91
7.597597597597598174e-02 5.742268693660345908e-262 8.011174412258144939e-91
7.607607607607608236e-02 7.662285307205349572e-262 9.049102028102011466e-91
7.617617617617618297e-02 1.022357972768801606e-261 1.022113390612522193e-90
7.627627627627628359e-02 1.364009884881100157e-261 1.154454886131390189e-90
7.637637637637638421e-02 1.819708851006787320e-261 1.303884580726772326e-90
7.647647647647648483e-02 2.427482779359223892e-261 1.472602820783976972e-90
7.657657657657658545e-02 3.238025527509366388e-261 1.663092487115102098e-90
7.667667667667668607e-02 4.318910846675794264e-261 1.878155171592349128e-90
7.677677677677678669e-02 5.760206733245616196e-261 2.120951972828079896e-90
7.687687687687688731e-02 7.681955059306251088e-261 2.395049498973748769e-90
7.697697697697697405e-02 1.024413549707032959e-260 2.704471740374739479e-90
7.707707707707707467e-02 1.365993794869232267e-260 3.053758558916138106e-90
7.717717717717717529e-02 1.821344083342501919e-260 3.448031635649425106e-90
7.727727727727727591e-02 2.428315614018527036e-260 3.893068825017203014e-90
7.737737737737737653e-02 3.237338602121232656e-260 4.395387984234272395e-90
7.747747747747747715e-02 4.315597965133551821e-260 4.962341481800733099e-90
7.757757757757757777e-02 5.752593600806543888e-260 5.602222741681799909e-90
7.767767767767767839e-02 7.667543850348194305e-260 6.324386351492564230e-90
7.777777777777777901e-02 1.021924246012460847e-259 7.139383456550874712e-90
7.787787787787787963e-02 1.361918121366392702e-259 8.059114379602930104e-90
7.797797797797798025e-02 1.814901895257282913e-259 9.097000651472574277e-90
7.807807807807808087e-02 2.418383494709784304e-259 1.026817891432398209e-89
7.817817817817818149e-02 3.222307977553803294e-259 1.158971947048140551e-89
7.827827827827828211e-02 4.293176892991014157e-259 1.308087260030963336e-89
7.837837837837838273e-02 5.719530500263299720e-259 1.476334616734832759e-89
7.847847847847848335e-02 7.619243227871574760e-259 1.666161847334987391e-89
7.857857857857858397e-02 1.014923142499320500e-258 1.880329082628114228e-89
7.867867867867868459e-02 1.351837014534308724e-258 2.121948484781136027e-89
7.877877877877878521e-02 1.800467855611847267e-258 2.394529018114602103e-89
7.887887887887888583e-02 2.397818303622314768e-258 2.702026897424153249e-89
7.897897897897898645e-02 3.193133163037561186e-258 3.048902431749402631e-89
7.907907907907908707e-02 4.251945114477226023e-258 3.440184072007324825e-89
7.917917917917918769e-02 5.661455914431467442e-258 3.881540572803095788e-89
7.927927927927928831e-02 7.537693432100187531e-258 4.379362293418177693e-89
7.937937937937938893e-02 1.003502989980692983e-257 4.940852792089908111e-89
7.947947947947948955e-02 1.335883949449521147e-257 5.574132013006332987e-89
7.957957957957957629e-02 1.778232949860053352e-257 6.288352528996722026e-89
7.967967967967967691e-02 2.366891963318645571e-257 7.093830486996982175e-89
7.977977977977977753e-02 3.150199637210448263e-257 8.002193110541630639e-89
7.987987987987987815e-02 4.192446986287703893e-257 9.026544846700253664e-89
7.997997997997997877e-02 5.579135927392408929e-257 1.018165450728378257e-88
8.008008008008007939e-02 7.423969272504908414e-257 1.148416604943008643e-88
8.018018018018018001e-02 9.878141643507869605e-257 1.295283597295218585e-88
8.028028028028028062e-02 1.314268785079745770e-256 1.460880068576119241e-88
8.038038038038038124e-02 1.748489374540790265e-256 1.647587760936803589e-88
8.048048048048048186e-02 2.326010453130444081e-256 1.858090426987388960e-88
8.058058058058058248e-02 3.094070372003698384e-256 2.095412015244810226e-88
8.068068068068068310e-02 4.115461777403076815e-256 2.362959669655189806e-88
8.078078078078078372e-02 5.473647406742398969e-256 2.664572148332327842e-88
8.088088088088088434e-02 7.279556553485969253e-256 3.004574342495104083e-88
8.098098098098098496e-02 9.680613713887517095e-256 3.387838661913003621e-88
8.108108108108108558e-02 1.287273170136189415e-255 3.819854149143457437e-88
8.118118118118118620e-02 1.711624147209424194e-255 4.306804292813579050e-88
8.128128128128128682e-02 2.275704940334847851e-255 4.855654631635905147e-88
8.138138138138138744e-02 3.025473548101180581e-255 5.474251377456104574e-88
8.148148148148148806e-02 4.021986684761273225e-255 6.171432439260947187e-88
8.158158158158158868e-02 5.346354561841066061e-255 6.957152402874822335e-88
8.168168168168168930e-02 7.106319771979478200e-255 7.842623215424873434e-88
8.178178178178178992e-02 9.444992022255111762e-255 8.840472542207695585e-88
8.188188188188189054e-02 1.255244436399984906e-254 9.964922009390591711e-88
8.198198198198199116e-02 1.668110727166888554e-254 1.123198782237953358e-87
8.208208208208209178e-02 2.216620296951225227e-254 1.265970656051206654e-87
8.218218218218219240e-02 2.945286836677009885e-254 1.426838929824059848e-87
8.228228228228227914e-02 3.913215342242106755e-254 1.608090759593700474e-87
8.238238238238237976e-02 5.198879591332248562e-254 1.812301534535587563e-87
8.248248248248248038e-02 6.906462068639671612e-254 2.042371095157984668e-87
8.258258258258258100e-02 9.174266743529087266e-254 2.301564489182154822e-87
8.268268268268268162e-02 1.218588164580210232e-253 2.593557831945760405e-87
8.278278278278278224e-02 1.618498900541588132e-253 2.922489908761134169e-87
8.288288288288288286e-02 2.149501349112775142e-253 3.293020236020925610e-87
8.298298298298298348e-02 2.854518721602501644e-253 3.710394387063624706e-87
8.308308308308308410e-02 3.790512470252142421e-253 4.180517489088551854e-87
8.318318318318318472e-02 5.033068302559498782e-253 4.710036910141360924e-87
8.328328328328328534e-02 6.682478634734540778e-253 5.306435281885180764e-87
8.338338338338338596e-02 8.871809217510524743e-253 5.978135146291844894e-87
8.348348348348348658e-02 1.177759645051194678e-252 6.734616674438485097e-87
8.358358358358358720e-02 1.563403231677993569e-252 7.586550085475574007e-87
8.368368368368368782e-02 2.075177268705145094e-252 8.545944596006536832e-87
8.378378378378378843e-02 2.754287417465134105e-252 9.626315957295344547e-87
8.388388388388388905e-02 3.655385418074868552e-252 1.084287489303258076e-86
8.398398398398398967e-02 4.850951720761245510e-252 1.221273903726730998e-86
8.408408408408409029e-02 6.437104951176262506e-252 1.375517129450123055e-86
8.418418418418419091e-02 8.541302201023657307e-252 1.549184790615443990e-86
8.428428428428429153e-02 1.133254484559958599e-251 1.744715991459525235e-86
8.438438438438439215e-02 1.503490419586611576e-251 1.964855217323144259e-86
8.448448448448449277e-02 1.994544563951980639e-251 2.212690456488494223e-86
8.458458458458459339e-02 2.645797998682005429e-251 2.491696066787320511e-86
8.468468468468469401e-02 3.509453427347243047e-251 2.805780975762564433e-86
8.478478478478479463e-02 4.654704802530742879e-251 3.159342876011251256e-86
8.488488488488489525e-02 6.173261358106370780e-251 3.557329159162626353e-86
8.498498498498498199e-02 8.186665484364161159e-251 4.005305423858477097e-86
8.508508508508508261e-02 1.085598629258491917e-250 4.509532496355052827e-86
8.518518518518518323e-02 1.439465922267169844e-250 5.077053018328918928e-86
8.528528528528528385e-02 1.908549155556283374e-250 5.715788786717629221e-86
8.538538538538538447e-02 2.530318391902108590e-250 6.434650176724952216e-86
8.548548548548548509e-02 3.354415490306241267e-250 7.243659143412502542e-86
8.558558558558558571e-02 4.446603423133060499e-250 8.154087481805271948e-86
8.568568568568568633e-02 5.893995519969075216e-250 9.178612232670564965e-86
8.578578578578578695e-02 7.811978964637182387e-250 1.033149035379677990e-85
8.588588588588588757e-02 1.035338083736412775e-249 1.162875503791479966e-85
8.598598598598598819e-02 1.372060222460185513e-249 1.308843635178616908e-85
8.608608608608608881e-02 1.818168037057323480e-249 1.473080920045417287e-85
8.618618618618618943e-02 2.409154897028273893e-249 1.657867199054168750e-85
8.628628628628629005e-02 3.192017689997703390e-249 1.865765978178585171e-85
8.638638638638639067e-02 4.228980820079481245e-249 2.099659618229991889e-85
8.648648648648649129e-02 5.602424360977004226e-249 2.362788876651884587e-85
8.658658658658659191e-02 7.421405272633159796e-249 2.658797338247157201e-85
8.668668668668669253e-02 9.830286050052721128e-249 2.991781337472254524e-85
8.678678678678679315e-02 1.302015105784866252e-248 3.366346048996510540e-85
8.688688688688689377e-02 1.724391012437689347e-248 3.787668506345223706e-85
8.698698698698699439e-02 2.283627891766074550e-248 4.261568401768277858e-85
8.708708708708709501e-02 3.024020891901256179e-248 4.794587625201531636e-85
8.718718718718719562e-02 4.004184646581565919e-248 5.394079617746777044e-85
8.728728728728729624e-02 5.301677000855193734e-248 6.068309747032957712e-85
8.738738738738739686e-02 7.019113980909362404e-248 6.826568059886767836e-85
8.748748748748749748e-02 9.292256400451194601e-248 7.679295933928786626e-85
8.758758758758759810e-02 1.230070306867580012e-247 8.638228336178000372e-85
8.768768768768768485e-02 1.628202981496238797e-247 9.716553606042338273e-85
8.778778778778778547e-02 2.155048341909249047e-247 1.092909291488082732e-84
8.788788788788788608e-02 2.852169609311312861e-247 1.229250181784151715e-84
8.798798798798798670e-02 3.774535721103559317e-247 1.382549660932798086e-84
8.808808808808808732e-02 4.994840124732455540e-247 1.554910852521291135e-84
8.818818818818818794e-02 6.609209284789153782e-247 1.748696920707929074e-84
8.828828828828828856e-02 8.744747563143104661e-247 1.966563126139876693e-84
8.838838838838838918e-02 1.156950852093329007e-246 2.211492821500946386e-84
8.848848848848848980e-02 1.530567205739259260e-246 2.486837869383515309e-84
8.858858858858859042e-02 2.024695686854798714e-246 2.796364024137935375e-84
8.868868868868869104e-02 2.678162791400704422e-246 3.144301885487699182e-84
8.878878878878879166e-02 3.542289457261055985e-246 3.535404105892715401e-84
8.888888888888889228e-02 4.684907079843206516e-246 3.975009616849246987e-84
8.898898898898899290e-02 6.195662852722335497e-246 4.469115732663010923e-84
8.908908908908909352e-02 8.193027877209468807e-246 5.024459094912411429e-84
8.918918918918919414e-02 1.083355390560490423e-245 5.648606538233795882e-84
8.928928928928929476e-02 1.432409936618318525e-245 6.350057089745656236e-84
8.938938938938939538e-02 1.893797599960135443e-245 7.138356462094447920e-84
8.948948948948949600e-02 2.503627187222579195e-245 8.024225565732597603e-84
8.958958958958959662e-02 3.309600827471681159e-245 9.019704751726789062e-84
8.968968968968969724e-02 4.374731812929594556e-245 1.013831570467453639e-83
8.978978978978979786e-02 5.782253298741539374e-245 1.139524313878784604e-83
8.988988988988989848e-02 7.642098853256671422e-245 1.280753871205791059e-83
8.998998998998999910e-02 1.009945759616130599e-244 1.439434986697164966e-83
9.009009009009009972e-02 1.334606726509824336e-244 1.617717663538811282e-83
9.019019019019020034e-02 1.763512039984343082e-244 1.818015981423644328e-83
9.029029029029030096e-02 2.330093825764154954e-244 2.043040433235045521e-83
9.039039039039038770e-02 3.078493560474040187e-244 2.295834209261074561e-83
9.049049049049048832e-02 4.066988554837371092e-244 2.579813909342937745e-83
9.059059059059058894e-02 5.372513449125212064e-244 2.898815221646745750e-83
9.069069069069068956e-02 7.096626241534331750e-244 3.257144172074622970e-83
9.079079079079079018e-02 9.373379801896557764e-244 3.659634621563979445e-83
9.089089089089089080e-02 1.237970673828686269e-243 4.111712770594858183e-83
9.099099099099099142e-02 1.634911916820749997e-243 4.619469522227798280e-83
9.109109109109109204e-02 2.158978026964653900e-243 5.189741658090578553e-83
9.119119119119119266e-02 2.850834104359198091e-243 5.830202897289126333e-83
9.129129129129129328e-02 3.764137932204598420e-243 6.549466037715753155e-83
9.139139139139139389e-02 4.969686271094776326e-243 7.357197524339377660e-83
9.149149149149149451e-02 6.560882766244776076e-243 8.264245951704590440e-83
9.159159159159159513e-02 8.660948223268885771e-243 9.282786190066796440e-83
9.169169169169169575e-02 1.143242780178391516e-242 1.042648102881378871e-82
9.179179179179179637e-02 1.508972596305927075e-242 1.171066245959182156e-82
9.189189189189189699e-02 1.991563226785051468e-242 1.315253497791845114e-82
9.199199199199199761e-02 2.628310710404160085e-242 1.477140356925640961e-82
9.209209209209209823e-02 3.468399950399343982e-242 1.658892936733266510e-82
9.219219219219219885e-02 4.576690016256958764e-242 1.862941633295274551e-82
9.229229229229229947e-02 6.038703210507241455e-242 2.092013270541189819e-82
9.239239239239240009e-02 7.967200251774656045e-242 2.349167143104341592e-82
9.249249249249250071e-02 1.051084522562344005e-241 2.637835428017731160e-82
9.259259259259260133e-02 1.386562369079107703e-241 2.961868493151175279e-82
9.269269269269270195e-02 1.828988766498375249e-241 3.325585693867493257e-82
9.279279279279280257e-02 2.412417816045996458e-241 3.733832320603741361e-82
9.289289289289290319e-02 3.181734056432227936e-241 4.192043439845316608e-82
9.299299299299300381e-02 4.196092818595873035e-241 4.706315460299099681e-82
9.309309309309309055e-02 5.533452120515505264e-241 5.283486356130436037e-82
9.319319319319319117e-02 7.296542004774891058e-241 5.931225591174497486e-82
9.329329329329329179e-02 9.620726704045091354e-241 6.658134913511884415e-82
9.339339339339339241e-02 1.268435911276117266e-240 7.473861330320319920e-82
9.349349349349349303e-02 1.672241667533254412e-240 8.389223730254622909e-82
9.359359359359359365e-02 2.204445734668687447e-240 9.416354796787978363e-82
9.369369369369369427e-02 2.905826264634194029e-240 1.056886005323133210e-81
9.379379379379379489e-02 3.830096687789051242e-240 1.186199610101938338e-81
9.389389389389389551e-02 5.048004002184434400e-240 1.331287036014571524e-81
9.399399399399399613e-02 6.652723963162453999e-240 1.494066489749381417e-81
9.409409409409409675e-02 8.766963081198864652e-240 1.676688723878103244e-81
9.419419419419419737e-02 1.155230673766963844e-239 1.881565140681685922e-81
9.429429429429429799e-02 1.522152293069196821e-239 2.111399281720345327e-81
9.439439439439439861e-02 2.005475501512143264e-239 2.369222109746685083e-81
9.449449449449449923e-02 2.642083119257450848e-239 2.658431538228250806e-81
9.459459459459459985e-02 3.480530564021429890e-239 2.982836718230321839e-81
9.469469469469470047e-02 4.584735522140812532e-239 3.346707653382316143e-81
9.479479479479480108e-02 6.038832504741078483e-239 3.754830781906605756e-81
9.489489489489490170e-02 7.953559615618245052e-239 4.212571241068629741e-81
9.499499499499500232e-02 1.047466054698332921e-238 4.725942614890205922e-81
9.509509509509510294e-02 1.379393690077679717e-238 5.301685061643665254e-81
9.519519519519520356e-02 1.816378584077551717e-238 5.947352824695908709e-81
9.529529529529530418e-02 2.391632083538841953e-238 6.671412250079953877e-81
9.539539539539540480e-02 3.148851858763078356e-238 7.483351568221400787e-81
9.549549549549550542e-02 4.145528908914399425e-238 8.393803847262662532e-81
9.559559559559560604e-02 5.457296213065401199e-238 9.414684693260060890e-81
9.569569569569570666e-02 7.183646727352063812e-238 1.055934646031344820e-80
9.579579579579579340e-02 9.455451397280180696e-238 1.184275094380903078e-80
9.589589589589589402e-02 1.244484313757232909e-237 1.328166276500469435e-80
9.599599599599599464e-02 1.637821045902046094e-237 1.489486591815395162e-80
9.609609609609609526e-02 2.155327789267038545e-237 1.670340624556681206e-80
9.619619619619619588e-02 2.836155703863049282e-237 1.873086293509935629e-80
9.629629629629629650e-02 3.731785487607143059e-237 2.100365250266027605e-80
9.639639639639639712e-02 4.909905500948281277e-237 2.355136913416585167e-80
9.649649649649649774e-02 6.459508230229552965e-237 2.640716572190130678e-80
9.659659659659659836e-02 8.497587372089249520e-237 2.960818044546865337e-80
9.669669669669669898e-02 1.117793762448873693e-236 3.319601432363916933e-80
9.679679679679679960e-02 1.470271657226026706e-236 3.721726580789187453e-80
9.689689689689690022e-02 1.933763457939348986e-236 4.172412920910250971e-80
9.699699699699700084e-02 2.543190972976822637e-236 4.677506455477520792e-80
9.709709709709710146e-02 3.344448077788171792e-236 5.243554737558425665e-80
9.719719719719720208e-02 4.397843826494384651e-236 5.877890792784070951e-80
9.729729729729730270e-02 5.782624716908654374e-236 6.588727048550344235e-80
9.739739739739740332e-02 7.602913927313383846e-236 7.385260459553325698e-80
9.749749749749750394e-02 9.995510964232783459e-236 8.277790159948494435e-80
9.759759759759760456e-02 1.314013376354204459e-235 9.277849129960117381e-80
9.769769769769770518e-02 1.727286715961857218e-235 1.039835154089730270e-79
9.779779779779780580e-02 2.270382026922438192e-235 1.165375763947335958e-79
9.789789789789790642e-02 2.984030842153580674e-235 1.306025825245007693e-79
9.799799799799800704e-02 3.921728600210510021e-235 1.463598123875772369e-79
9.809809809809810766e-02 5.153729538817986910e-235 1.640122249133021130e-79
9.819819819819820828e-02 6.772290391984033919e-235 1.837870439845882389e-79
9.829829829829830889e-02 8.898552786785366548e-235 2.059386501820535239e-79
9.839839839839840951e-02 1.169157581751145128e-234 2.307518160363532085e-79
9.849849849849849626e-02 1.536018972249844139e-234 2.585453254613299144e-79
9.859859859859859688e-02 2.017855068120282840e-234 2.896760228401207603e-79
9.869869869869869750e-02 2.650655092378546024e-234 3.245433426008987492e-79
9.879879879879879812e-02 3.481659783509707527e-234 3.635943761145498232e-79
9.889889889889889873e-02 4.572874705424081165e-234 4.073295394461876779e-79
9.899899899899899935e-02 6.005679246421723456e-234 4.563089129794072450e-79
9.909909909909909997e-02 7.886872595944542932e-234 5.111593322996811210e-79
9.919919919919920059e-02 1.035660416213853980e-233 5.725823190712266254e-79
9.929929929929930121e-02 1.359877505705264671e-233 6.413629510888663797e-79
9.939939939939940183e-02 1.785467966723507117e-233 7.183797823576735631e-79
9.949949949949950245e-02 2.344089535599954744e-233 8.046159370953573073e-79
9.959959959959960307e-02 3.077274157547892834e-233 9.011715161215355227e-79
9.969969969969970369e-02 4.039504010841430007e-233 1.009277470376191100e-78
9.979979979979980431e-02 5.302244594263399027e-233 1.130311114495528804e-78
9.989989989989990493e-02 6.959232286401417336e-233 1.265813473687616443e-78
1.000000000000000056e-01 9.133406090711594476e-233 1.417508679845267715e-78
