 3  0.05 0.924998118 0.835224623
 3  0.05 0.937628844 0.646515256
 3  0.05 0.940187505 0.688576852
 3  0.05 0.921975609 0.806802907
 3  0.05 0.927963427 0.753497530
 3  0.05 0.928694987 0.743408866
 3  0.05 0.931847033 0.734685741
 3  0.05 0.926689008 0.820789170
 3  0.05 0.934052804 0.674600514
 3  0.05 0.936726964 0.768077089
 3  0.05 0.939913216 0.621779524
 3  0.05 0.937509834 0.784715239
 3  0.05 0.935699599 0.780401095
 3  0.05 0.926290738 0.795144552
 3  0.05 0.927923263 0.817954565
 3  0.05 0.923424617 0.828218478
 3  0.05 0.938118879 0.783393790
 3  0.05 0.928276630 0.803796201
 3  0.05 0.923772611 0.748948765
 3  0.05 0.925602514 0.756838102
 3  0.05 0.936221778 0.800476115
 3  0.05 0.922293185 0.772373771
 3  0.05 0.921706228 0.783687335
 3  0.05 0.932052595 0.769126212
 3  0.05 0.922187685 0.799483388
 3  0.05 0.945692481 0.577268663
 3  0.05 0.928152539 0.837120227
 3  0.05 0.932575131 0.811160979
 3  0.05 0.915366925 0.742130644
 3  0.05 0.926117918 0.783800562
 3  0.05 0.933580755 0.767425485
 3  0.05 0.933135074 0.779048853
 3  0.05 0.933030755 0.828580750
 3  0.05 0.920720321 0.795358998
 3  0.05 0.924296036 0.824387898
 3  0.05 0.923293395 0.816614750
 3  0.05 0.923981509 0.747264453
 3  0.05 0.936295306 0.804839425
 3  0.05 0.926826290 0.800022112
 3  0.05 0.931564635 0.814214602
 3  0.05 0.927566128 0.745613380
 3  0.05 0.921977612 0.832614913
 3  0.05 0.923268110 0.825494261
 3  0.05 0.942717096 0.652200088
 3  0.05 0.937242533 0.780699276
 3  0.05 0.928987570 0.813938451
 3  0.05 0.925986333 0.818579881
 3  0.05 0.937260210 0.719274134
 3  0.05 0.926822259 0.822135326
 3  0.05 0.932124136 0.655608461
 3  0.05 0.922587884 0.776635022
 3  0.05 0.929043498 0.754417529
 3  0.05 0.932579296 0.762812670
 3  0.05 0.927022344 0.799839916
 3  0.05 0.926741144 0.766242834
 3  0.05 0.928534549 0.797999095
 3  0.05 0.926179457 0.777727887
 3  0.05 0.914876211 0.774881061
 3  0.05 0.930479669 0.823102141
 3  0.05 0.933929594 0.797886355
 3  0.05 0.910975191 0.797115481
 3  0.05 0.922030980 0.842547909
 3  0.05 0.929674165 0.792674950
 3  0.05 0.930441379 0.779817527
 3  0.05 0.929101329 0.803784719
 3  0.05 0.923977739 0.776676105
 3  0.05 0.923283154 0.842921657
 3  0.05 0.930286934 0.728961116
 3  0.05 0.920957626 0.762801934
 3  0.05 0.926844164 0.814224083
 3  0.05 0.934290755 0.765933184
 3  0.05 0.921266945 0.762479203
 3  0.05 0.928563878 0.659610438
 3  0.05 0.916396304 0.820496136
 3  0.05 0.925928362 0.738104305
 3  0.05 0.936195799 0.714084632
 3  0.05 0.930027766 0.784753670
 3  0.05 0.925122402 0.797598681
 3  0.05 0.925176959 0.788937604
 3  0.05 0.934238201 0.760003874
 3  0.05 0.933417472 0.815439137
 3  0.05 0.938431860 0.754018443
 3  0.05 0.933487893 0.835844600
 3  0.05 0.933531094 0.788030741
 3  0.05 0.920234981 0.809876871
 3  0.05 0.918298908 0.787695926
 3  0.05 0.926488497 0.804820440
 3  0.05 0.916331574 0.830099977
 3  0.05 0.928455311 0.805823968
 3  0.05 0.923932488 0.745901905
 3  0.05 0.926843208 0.788939646
 3  0.05 0.923340679 0.839448879
 3  0.05 0.926174545 0.745378288
 3  0.05 0.931777497 0.801567515
 3  0.05 0.916679167 0.811900986
 3  0.05 0.943296388 0.651538840
 3  0.05 0.930840564 0.829801158
 3  0.05 0.932464415 0.794896668
 3  0.05 0.933346515 0.738373044
 3  0.05 0.925370055 0.746561490
