0.5473770584129523 0.6312660712990324
0.5945601925943804 0.5655973825180429
0.5840255828732284 0.5147255788371827
0.5665326071972507 0.5801621721209225
0.5067610608205229 0.5247074603342193
0.5614362075395942 0.5674456151578031
0.6154970619623703 0.581585943258209
0.6240660434177403 0.6141233231604674
0.6196870504948261 0.6144234595021335
0.5481835719691348 0.49370353360241803
0.6219207914554219 0.5792238511940333
0.5991472573901366 0.591471072161305
0.6599057448786985 0.590496034500858
0.5891711917659115 0.6339828553897091
0.5970040055013108 0.608774087182395
0.5709216461209403 0.5631767061259798
0.5618851361092507 0.5744346940428359
0.5106752169388553 0.6546768222133159
0.5856885939598853 0.6154752029788828
0.5940433427331004 0.6356051763619983
0.5660920696002906 0.5198237716500217
0.659321363053008 0.526055956284569
0.6309193198468508 0.6018330177603981
0.5319939160255525 0.4796875203894787
0.5802720237083643 0.7132485331083076
0.6062792699194292 0.6288849276581974
0.6558680047442842 0.5968621368957181
0.5516318396220348 0.6054348876910534
0.582870701610375 0.5597760736060422
0.5621626108327181 0.5233017514848107
0.5645349048467424 0.5930010064390563
0.6238768343881178 0.5973639904826369
0.5391443395681729 0.6250687736417879
0.5980818561482015 0.5806278357098644
0.5894012977653156 0.5378700850820484
0.6186734570889849 0.5957616488660875
0.6599625694435582 0.572339353917316
0.5787598608213802 0.6328621267336687
0.5858707270490714 0.6186118466795814
0.6549057699460714 0.5308187225463168
0.6331518945438939 0.6114850058678162
0.6121940545366116 0.6169310915792006
0.628505985154425 0.6092673127495133
0.6100506793534319 0.5331228994031916
0.5919919842078074 0.6326180188363066
0.5672017185616791 0.6130329269085095
0.5646825322375632 0.49083179303923774
0.6153061413009127 0.611303457750553
0.6144505292596265 0.6864695556096629
0.5422890718517825 0.5860854411334977
0.581620572426891 0.6341194055289463
0.5814260883221767 0.6408300910305799
0.582385539923379 0.5242293350150605
0.5893141280486693 0.5962118476480528
0.6464188570148709 0.5378925136666959
0.5837358386944367 0.632759485792278
0.5202846508750365 0.6014213800299264
0.5884758978063209 0.5811725816653754
0.6684975294967672 0.5729400092545056
0.5579298498463976 0.5217515447617365
0.6399335697010866 0.4501361082557913
0.6209723041889028 0.6737650034461169
0.5617964155217577 0.5849774860360224
0.6161338090247882 0.6238960757981322
0.5781022460151053 0.6228295344010708
0.6424498257322024 0.4886168323893726
0.6591744565929147 0.5755820610118851
0.6134275606638038 0.610618146730739
0.6333399159218986 0.5571406470541289
0.608114975056165 0.5393073226932323
0.5985012135682957 0.48872509194648506
0.6010834298334917 0.6358571893566576
0.5608457855857258 0.5740143040182684
0.5535250214594365 0.6149876309392479
0.5476231133337106 0.6645137571644744
0.5953360788638955 0.6307442876349914
0.6020084397789751 0.6414046867477361
0.6355938855452061 0.5968009857189335
0.5632477743914852 0.5313535423940047
0.5625906047423529 0.5739138781790785
0.6073569204387604 0.6401904644699563
0.5581357107139127 0.6164291658014609
0.5411818538927724 0.5810879321158893
0.6426257108306364 0.5452432180349438
0.5746264239038781 0.5258811516538957
0.6125044990331594 0.5550493424170035
0.5508521194489002 0.5576218690181743
0.5163862118145351 0.5601831189965856
0.5717260622768008 0.6142976689795617
0.5834779229269108 0.5142329977276456
0.5763546886081441 0.5438075754130318
0.595854783030771 0.5574192492821373
0.6237660904359743 0.5907838923422151
0.6411139689832768 0.6693027653803314
0.596478645526747 0.5903874684158392
0.6263512769260229 0.5354810071656526
0.5867971471702059 0.5796941106041107
0.5931976395644329 0.5377464253273982
0.6060780659777132 0.5953687948084403
0.610223703402546 0.5740247453813632
0.5490067283201963 0.5410201033748989
0.6492991974862103 0.5652516364557496
0.6595832830295784 0.5935332159522703
0.6157982252556868 0.6219858742878432
0.5906512211097121 0.6207527760114224
0.6408784952603147 0.6078074370814541
0.6014959126708628 0.4870269686898254
0.6378999825993393 0.5642806556734924
0.5763444535579205 0.6433897208602447
0.6755383658961636 0.570815446674065
0.5947749280109862 0.608968847356863
0.5723843453836993 0.5359658280652153
0.5832441731700311 0.5767287857704344
0.5346745248858691 0.5964607811698106
0.6346695925931544 0.64249391695687
0.5956349242245405 0.5988056086639268
0.5832978587774824 0.5652482275875279
0.5697058640770045 0.6748940397162427
0.5608625839176054 0.5433157784418825
0.5965198489435242 0.5183713451253793
0.5976028227130469 0.5843936510507051
0.6402737131187952 0.5856328707775162
0.5727009742717795 0.6129727750150187
0.5329844683673721 0.6686329323604583
0.5229996609665555 0.6171188443090493
0.5934248525357363 0.52463845917328
0.5653421397449014 0.6243744061957796
0.6195702260485785 0.6182334400009626
0.5836789435392585 0.5637513926110991
0.6176912837429396 0.5943124126693453
0.5729663069625912 0.5529967983716957
0.6300972863137556 0.6248284491302069
0.6034211406484205 0.6694093898904931
0.6553080210412663 0.6060856451796601
0.6051596001290134 0.5394943929635949
0.5690137723374976 0.5296201602617647
0.5566597026553083 0.527142175249514
0.6018955183648438 0.5681089790869656
0.6429395464757007 0.5952834685269613
0.6187200535214226 0.5938619404255079
0.6201062896233552 0.5626376191837354
0.6306218247403252 0.6027223293370404
0.5884349564602891 0.6075250804137122
0.5726981007623088 0.5757996665695512
0.5681322425346258 0.6219776478668371
0.6165402338048973 0.5425493256937957
0.5978683590640952 0.5997775427174399
0.597976091072089 0.5837418029724843
0.574934304067753 0.6428596377673825
0.556419190908292 0.5107636329850708
0.5932552653798414 0.5888338909752077
0.6291718626075218 0.5975462451546867
0.6562946931501625 0.6358653131949672
0.5822018449859951 0.583876051077302
0.604874131399469 0.597044497921599
0.4920900969716743 0.41820000154458903
0.6001879720111654 0.6666628936756299
0.6179908508045413 0.5829809941662183
0.5577281512585925 0.605664667864682
0.5009162393431215 0.6098526050934243
0.6019269777581003 0.5561006894083458
0.6201767468220933 0.5899151443681453
0.5925595852021905 0.5326552294584654
0.5651829496010059 0.5892215999824759
0.6079927915288877 0.5944145173534653
0.5819123701017623 0.5655557862894758
0.5958068176215994 0.5652067341781055
0.5697014470068515 0.6117971647709204
0.5700649837718623 0.6442677821401057
0.5904794921724199 0.6210489709357759
0.5738536294747483 0.5308727491075145
0.6534747569608355 0.4712654724723051
0.612524707269438 0.5122165751552517
0.6186392846463856 0.6247197484125877
0.5816962544838835 0.5392228327544495
0.6486730044219113 0.5515206991063895
0.5885482241347031 0.5419066301632626
0.6309452289649891 0.505215441571353
0.604924476016836 0.5230242949710331
0.6247443626496652 0.6086741770235755
0.6238337759100594 0.6576234539330126
0.6465467698542324 0.6058466070936852
0.5449320700171336 0.4917830851829328
0.5275331225629685 0.48650424812330106
0.5911317255570461 0.5496769432964269
0.5988934802440419 0.563102659878085
0.5889830126774186 0.6367222079818798
0.5855546906957281 0.5324124498703868
0.6304100765688097 0.611008884991052
0.5967036000745362 0.6057208899024349
0.629397810912221 0.6384989583129406
0.6801074034854635 0.6437246789645945
0.5973513462790342 0.5631509728225312
0.610073171883307 0.6040014802245834
0.6196050459278464 0.5552684569482247
0.5319208095153655 0.6171136895114546
0.6525001691072183 0.5212418978017517
0.6023227495692355 0.6267578524139183
0.6129715367330945 0.6433461461130049
0.5763715070098834 0.5622052006262658
0.5956718625902209 0.5949651934245783
0.625757767416764 0.6253722371802053
0.589239945188917 0.5395525851355223
0.576201990149753 0.6904312994657338
0.6108325344193057 0.6630156289793225
0.6172416942874971 0.551540935534061
0.5935425360954103 0.5646229014588685
0.6498003266901439 0.5114523325225624
0.6423544134339426 0.6203517444093405
0.6237348909831097 0.6166404021728868
0.5963368085350202 0.5819964230009924
0.6754165966111033 0.5398870230323112
0.6191985459641056 0.627690690815561
0.5709337849097378 0.5892038302767173
0.5758243515659116 0.4131846458160435
0.5768653328671254 0.5718003752594516
0.5677861127286277 0.5715288093620753
0.6476942772349406 0.6197950302203308
0.6187688961614585 0.5671064465807847
0.5513187017438166 0.5943330086387756
0.5754761013821924 0.5093794946148577
0.6246754177618248 0.6279353416664949
0.6108883229901625 0.5445479632255522
